["port 3","RIGHT"]
["port 2","RIGHT"]
["port 1","LEFT"]
("port 1","mode 1",1,"port 1",1,"transmission")
(15, 3)
1.9156067603833866e+14 1.0190219796742321e-03 9.5488340959860163e-01
1.9186717312000000e+14 2.8671410575231331e-03 -9.8842554546709038e-02
1.9217465256410256e+14 3.2381228170789609e-03 -9.8034886577013503e-01
1.9248311910112359e+14 2.3527138425409638e-03 -1.6307771130425905e+00
1.9279257749196144e+14 8.9039357587089823e-04 -2.4001872816688530e+00
1.9310303252818038e+14 5.0310521385820708e-04 -3.6199374401491156e+00
1.9341448903225806e+14 1.7447032967758955e-03 -4.8525663779583148e+00
1.9372695185783522e+14 1.9181429588233450e-03 -5.3293252585989137e+00
1.9404042588996762e+14 2.0484818523971637e-03 -5.8275466951075057e+00
1.9435491604538088e+14 3.4160124923441460e-04 -7.2537745761241474e+00
1.9467042727272725e+14 2.2633482633940003e-03 -5.1716058383097536e+00
1.9498696455284553e+14 3.1440210866769537e-03 -4.9444313746712716e+00
1.9530453289902281e+14 1.3270794000910936e-03 -6.3154666515534288e+00
1.9562313735725938e+14 2.7747576916023345e-03 -7.4964810135350453e+00
1.9594278300653594e+14 7.7599567065880191e-03 -8.3450776307852248e+00
("port 1","mode 1",1,"port 2",1,"transmission")
(15, 3)
1.9156067603833866e+14 6.8212120367464169e-01 2.4243752388718778e+00
1.9186717312000000e+14 6.8522853904879577e-01 5.2704587433702672e+00
1.9217465256410256e+14 6.8722921303817519e-01 8.1240500811855014e+00
1.9248311910112359e+14 6.9019093760405348e-01 1.0985318602633543e+01
1.9279257749196144e+14 6.9197816401410028e-01 1.3854651227585903e+01
1.9310303252818038e+14 6.9251553312898995e-01 1.6735535822266616e+01
1.9341448903225806e+14 6.9140380939543633e-01 1.9620729353467787e+01
1.9372695185783522e+14 6.9038717580723619e-01 2.2522081266431574e+01
1.9404042588996762e+14 6.8856478420387490e-01 2.5435237743892593e+01
1.9435491604538088e+14 6.8280561010773477e-01 2.8361481886082913e+01
1.9467042727272725e+14 6.7822844961472473e-01 3.1293191777023949e+01
1.9498696455284553e+14 6.7224360855402687e-01 3.4231460576865722e+01
1.9530453289902281e+14 6.6730067584955344e-01 3.7173992083709848e+01
1.9562313735725938e+14 6.5408660813157649e-01 4.0131297245699749e+01
1.9594278300653594e+14 6.4641361753008919e-01 4.3106902704196621e+01
("port 1","mode 1",1,"port 3",1,"transmission")
(15, 3)
1.9156067603833866e+14 6.6736959798846984e-01 -2.2785655968795995e+00
1.9186717312000000e+14 6.7035564928775815e-01 5.5854608930221983e-01
1.9217465256410256e+14 6.7616025447526129e-01 3.4109229933142249e+00
1.9248311910112359e+14 6.8339313478329955e-01 6.2739302718575809e+00
1.9279257749196144e+14 6.8978083814924429e-01 9.1424827900663388e+00
1.9310303252818038e+14 6.8996939237308241e-01 1.2016475125444433e+01
1.9341448903225806e+14 6.9149698820550587e-01 1.4906228061819190e+01
1.9372695185783522e+14 6.8979326758167214e-01 1.7806296971965743e+01
1.9404042588996762e+14 6.8793681184745403e-01 2.0722072442137272e+01
1.9435491604538088e+14 6.8585543055109810e-01 2.3643334237254322e+01
1.9467042727272725e+14 6.7975198909532331e-01 2.6576059030363627e+01
1.9498696455284553e+14 6.7265924232826990e-01 2.9513229165459567e+01
1.9530453289902281e+14 6.6479698939730913e-01 3.2465255002346773e+01
1.9562313735725938e+14 6.5826350237581643e-01 3.5418881668996917e+01
1.9594278300653594e+14 6.4295067423911412e-01 3.8386293739230503e+01
("port 2","mode 1",1,"port 1",1,"transmission")
(15, 3)
1.9156067603833866e+14 6.8212120367464713e-01 2.4243752388718733e+00
1.9186717312000000e+14 6.8522853904880110e-01 5.2704587433702654e+00
1.9217465256410256e+14 6.8722921303817941e-01 8.1240500811854996e+00
1.9248311910112359e+14 6.9019093760405792e-01 1.0985318602633539e+01
1.9279257749196144e+14 6.9197816401410439e-01 1.3854651227585901e+01
1.9310303252818038e+14 6.9251553312899428e-01 1.6735535822266613e+01
1.9341448903225806e+14 6.9140380939544144e-01 1.9620729353467780e+01
1.9372695185783522e+14 6.9038717580724107e-01 2.2522081266431570e+01
1.9404042588996762e+14 6.8856478420387945e-01 2.5435237743892589e+01
1.9435491604538088e+14 6.8280561010773866e-01 2.8361481886082906e+01
1.9467042727272725e+14 6.7822844961472928e-01 3.1293191777023942e+01
1.9498696455284553e+14 6.7224360855403120e-01 3.4231460576865715e+01
1.9530453289902281e+14 6.6730067584955877e-01 3.7173992083709841e+01
1.9562313735725938e+14 6.5408660813158004e-01 4.0131297245699741e+01
1.9594278300653594e+14 6.4641361753009297e-01 4.3106902704196614e+01
("port 2","mode 1",1,"port 2",1,"transmission")
(15, 3)
1.9156067603833866e+14 1.0190219796729573e-03 9.5488340960451512e-01
1.9186717312000000e+14 2.8671410575193557e-03 -9.8842554542411559e-02
1.9217465256410256e+14 3.2381228170752681e-03 -9.8034886576655611e-01
1.9248311910112359e+14 2.3527138425409170e-03 -1.6307771130393682e+00
1.9279257749196144e+14 8.9039357587414596e-04 -2.4001872816635963e+00
1.9310303252818038e+14 5.0310521385938777e-04 -3.6199374401336724e+00
1.9341448903225806e+14 1.7447032967719018e-03 -4.8525663779524217e+00
1.9372695185783522e+14 1.9181429588198957e-03 -5.3293252585943778e+00
1.9404042588996762e+14 2.0484818523967717e-03 -5.8275466951039405e+00
1.9435491604538088e+14 3.4160124923633434e-04 -7.2537745761125247e+00
1.9467042727272725e+14 2.2633482633946629e-03 -5.1716058383087100e+00
1.9498696455284553e+14 3.1440210866746079e-03 -4.9444313746695636e+00
1.9530453289902281e+14 1.3270794000937018e-03 -6.3154666515528914e+00
1.9562313735725938e+14 2.7747576916044296e-03 -7.4964810135319828e+00
1.9594278300653594e+14 7.7599567065888041e-03 -8.3450776307819226e+00
("port 2","mode 1",1,"port 3",1,"transmission")
(15, 3)
1.9156067603833866e+14 2.1444940752698900e-03 2.5010768363452712e-01
1.9186717312000000e+14 2.6113121795875603e-03 -3.4140397079615126e-01
1.9217465256410256e+14 3.5250206499241187e-03 -6.9942072470754690e-01
1.9248311910112359e+14 3.0168693609051085e-03 -1.7147116764091337e+00
1.9279257749196144e+14 2.5323924581801016e-03 -2.9493373202153430e+00
1.9310303252818038e+14 3.9149728598648010e-03 -3.5886926580380867e+00
1.9341448903225806e+14 2.3369364821140951e-03 -4.2986418645017368e+00
1.9372695185783522e+14 2.9535480251847409e-03 -4.8291631720490358e+00
1.9404042588996762e+14 4.0786728111108636e-03 -5.5043834293089038e+00
1.9435491604538088e+14 5.1106182701608754e-03 -6.2153818953925457e+00
1.9467042727272725e+14 5.9777549138457526e-03 -6.8901530133329585e+00
1.9498696455284553e+14 5.6334117384882112e-03 -8.0819767976409835e+00
1.9530453289902281e+14 8.6299260870923346e-03 -8.8836318624113648e+00
1.9562313735725938e+14 1.0703260317794498e-02 -9.3459351181060626e+00
1.9594278300653594e+14 1.2057080229869316e-02 -1.0219013240142090e+01
("port 3","mode 1",1,"port 1",1,"transmission")
(15, 3)
1.9156067603833866e+14 6.6736959801943474e-01 -2.2785655967354908e+00
1.9186717312000000e+14 6.7035564933203351e-01 5.5854608945386242e-01
1.9217465256410256e+14 6.7616025453538497e-01 3.4109229934702232e+00
1.9248311910112359e+14 6.8339313483574848e-01 6.2739302719207144e+00
1.9279257749196144e+14 6.8978083814753299e-01 9.1424827901051113e+00
1.9310303252818038e+14 6.8996939238292720e-01 1.2016475125453255e+01
1.9341448903225806e+14 6.9149698816905747e-01 1.4906228061764850e+01
1.9372695185783522e+14 6.8979326761390469e-01 1.7806296971860448e+01
1.9404042588996762e+14 6.8793681191452161e-01 2.0722072442006915e+01
1.9435491604538088e+14 6.8585543058973075e-01 2.3643334237191119e+01
1.9467042727272725e+14 6.7975198913401902e-01 2.6576059030339778e+01
1.9498696455284553e+14 6.7265924229915863e-01 2.9513229165392850e+01
1.9530453289902281e+14 6.6479698940117693e-01 3.2465255002272265e+01
1.9562313735725938e+14 6.5826350242149922e-01 3.5418881668951954e+01
1.9594278300653594e+14 6.4295067422054086e-01 3.8386293739215539e+01
("port 3","mode 1",1,"port 2",1,"transmission")
(15, 3)
1.9156067603833866e+14 2.1444939362350317e-03 2.5010754160595872e-01
1.9186717312000000e+14 2.6113122952858099e-03 -3.4140408513634185e-01
1.9217465256410256e+14 3.5250208167568941e-03 -6.9942077385057155e-01
1.9248311910112359e+14 3.0168694817864347e-03 -1.7147116610270323e+00
1.9279257749196144e+14 2.5323924294768582e-03 -2.9493373074175508e+00
1.9310303252818038e+14 3.9149729159414972e-03 -3.5886926448951963e+00
1.9341448903225806e+14 2.3369364646666792e-03 -4.2986417624937445e+00
1.9372695185783522e+14 2.9535478312604372e-03 -4.8291631095890057e+00
1.9404042588996762e+14 4.0786726018469466e-03 -5.5043834255599133e+00
1.9435491604538088e+14 5.1106181402970395e-03 -6.2153819070323522e+00
1.9467042727272725e+14 5.9777548612356228e-03 -6.8901530129597184e+00
1.9498696455284553e+14 5.6334116575157949e-03 -8.0819767938003739e+00
1.9530453289902281e+14 8.6299260276272455e-03 -8.8836318624145925e+00
1.9562313735725938e+14 1.0703260252075953e-02 -9.3459351203188792e+00
1.9594278300653594e+14 1.2057080328182051e-02 -1.0219013243020509e+01
("port 3","mode 1",1,"port 3",1,"transmission")
(15, 3)
1.9156067603833866e+14 1.0190219355413802e-03 9.5488349603587397e-01
1.9186717312000000e+14 2.8671409427052865e-03 -9.8842546615103444e-02
1.9217465256410256e+14 3.2381227308941659e-03 -9.8034887929528192e-01
1.9248311910112359e+14 2.3527137973490242e-03 -1.6307771458459368e+00
1.9279257749196144e+14 8.9039359267393387e-04 -2.4001873386109867e+00
1.9310303252818038e+14 5.0310524079644431e-04 -3.6199375008873695e+00
1.9341448903225806e+14 1.7447032742787046e-03 -4.8525664107771895e+00
1.9372695185783522e+14 1.9181429909128835e-03 -5.3293252875211419e+00
1.9404042588996762e+14 2.0484818554950719e-03 -5.8275466999881864e+00
1.9435491604538088e+14 3.4160122646407788e-04 -7.2537746920629100e+00
1.9467042727272725e+14 2.2633482450327737e-03 -5.1716058202143405e+00
1.9498696455284553e+14 3.1440211110337559e-03 -4.9444313808931977e+00
1.9530453289902281e+14 1.3270793877618082e-03 -6.3154666426475465e+00
1.9562313735725938e+14 2.7747576545791445e-03 -7.4964810287369117e+00
1.9594278300653594e+14 7.7599567479827289e-03 -8.3450776455568096e+00
