["port 2","RIGHT"]
["port 3","RIGHT"]
["port 1","LEFT"]
("port 1","mode 1",1,"port 1",1,"transmission")
(150, 3)
1.8737028625000000e+14 1.8961715673696221e-02 2.3030155968244830e+00
1.8744891415023081e+14 1.7068766785166889e-02 4.0116894654655084e+00
1.8752760806884972e+14 5.2616401878030523e-03 5.1708361748220213e+00
1.8760636808903822e+14 1.2756543610934862e-02 5.9671822105812140e+00
1.8768519429411766e+14 1.4993814217996624e-02 7.7346613039271235e+00
1.8776408676754941e+14 1.2683350390316324e-02 9.3278206889552475e+00
1.8784304559293525e+14 1.2331550259751013e-02 1.0120803114393981e+01
1.8792207085401769e+14 1.8084120294268830e-02 1.1621225897959123e+01
1.8800116263468016e+14 1.4145131212723388e-02 1.3278205321566354e+01
1.8808032101894738e+14 9.6271345039743023e-03 1.4397522772691531e+01
1.8815954609098569e+14 1.6036384536856577e-02 1.6029090373202784e+01
1.8823883793510325e+14 1.5928131642418158e-02 1.7510153973300920e+01
1.8831819663575044e+14 1.0750120918850628e-02 1.8951736404962457e+01
1.8839762227752003e+14 1.1507521106990338e-02 1.9713304768112938e+01
1.8847711494514769e+14 1.4038027533060167e-02 2.1415809150489274e+01
1.8855667472351203e+14 1.1823379052229186e-02 2.3236461893821154e+01
1.8863630169763516e+14 7.2824816173444181e-03 2.4393528627652778e+01
1.8871599595268272e+14 1.1500272790915320e-02 2.5779918650990190e+01
1.8879575757396450e+14 1.1375359712819329e-02 2.7237989236143719e+01
1.8887558664693447e+14 3.9886286675625375e-03 2.9063528666241179e+01
1.8895548325719122e+14 7.5323669087814455e-03 2.9416317619461179e+01
1.8903544749047822e+14 8.7532228455474530e-03 3.1447055029537424e+01
1.8911547943268419e+14 5.9486238730275028e-03 3.3367076662855268e+01
1.8919557916984328e+14 4.4895658449034068e-03 3.2905798272539684e+01
1.8927574678813559e+14 8.5732922448023396e-03 3.5171971621808403e+01
1.8935598237388725e+14 5.3307956254309936e-03 3.7283436789851010e+01
1.8943628601357084e+14 3.1677883407849926e-03 3.6609926159333433e+01
1.8951665779380569e+14 8.3945066567566451e-03 3.8824358052104316e+01
1.8959709780135825e+14 7.1880856779798566e-03 4.1107219048338550e+01
1.8967760612314225e+14 2.9722320641468528e-03 4.1843588884284863e+01
1.8975818284621922e+14 5.0463033660460045e-03 4.2796658359381325e+01
1.8983882805779856e+14 9.2429066683254041e-03 4.4824432953007225e+01
1.8991954184523809e+14 6.3345594781991756e-03 4.7049629950138076e+01
1.9000032429604425e+14 1.7353959259291867e-03 4.9004611304702415e+01
1.9008117549787234e+14 5.5224199210160080e-03 4.8343715840316086e+01
1.9016209553852703e+14 8.7276867171699728e-03 5.0663691352162587e+01
1.9024308450596253e+14 6.0638340751487333e-03 5.2805834310771417e+01
1.9032414248828291e+14 1.8252164827623713e-03 5.4833194859562248e+01
1.9040526957374253e+14 4.6778778437123946e-03 5.4539664899014348e+01
1.9048646585074628e+14 5.2886504437062217e-03 5.6817983156088395e+01
1.9056773140784984e+14 3.4005348728094412e-03 5.8776869771023343e+01
1.9064906633376016e+14 8.6426830169931274e-04 5.9214549784606092e+01
1.9073047071733562e+14 5.6600729386237919e-03 6.0935003322569706e+01
1.9081194464758650e+14 4.7158690238985309e-03 6.2996965170018051e+01
1.9089348821367522e+14 3.1641212045304596e-03 6.4890748988665905e+01
1.9097510150491662e+14 1.0485413185358560e-03 6.5538841811381133e+01
1.9105678461077844e+14 2.3428983023853992e-03 6.7097712488961250e+01
1.9113853762088147e+14 3.0047569138205747e-03 6.8866634121723408e+01
1.9122036062500000e+14 1.9541868355444237e-03 7.1048621186086393e+01
1.9130225371306209e+14 2.9738040341792588e-03 7.0933657445437589e+01
1.9138421697514997e+14 2.4478131947952234e-03 7.3615295861503085e+01
1.9146625050150022e+14 2.4942213577973642e-03 7.5109037462788848e+01
1.9154835438250428e+14 9.3068786324341721e-04 7.6383467545715035e+01
1.9163052870870872e+14 3.1267802017403545e-03 7.7574482452225965e+01
1.9171277357081547e+14 2.2438723158078777e-03 7.8773506329826873e+01
1.9179508905968228e+14 1.4951915587572053e-03 8.0266454121611559e+01
1.9187747526632303e+14 2.9328578047955493e-03 8.1880397069956473e+01
1.9195993228190803e+14 2.7208595920443711e-04 8.1901789998376188e+01
1.9204246019776441e+14 2.5039606693967867e-03 8.4693738906522057e+01
1.9212505910537634e+14 2.6793431978007994e-03 8.5659724333893351e+01
1.9220772909638553e+14 2.4443810010285282e-03 8.7904817511270991e+01
1.9229047026259147e+14 3.3485479283012283e-03 8.8688664126620964e+01
1.9237328269595178e+14 1.9744778591193756e-03 9.0482650227307062e+01
1.9245616648858250e+14 2.7455313693809788e-03 9.1916710475378721e+01
1.9253912173275862e+14 3.0072172164408348e-03 9.2800067365056108e+01
1.9262214852091419e+14 3.3691416567879747e-03 9.5712136476980433e+01
1.9270524694564281e+14 1.7320341167310217e-03 9.6384264128473632e+01
1.9278841709969788e+14 1.0442119710913423e-03 9.8175924363138066e+01
1.9287165907599309e+14 3.5072569549086576e-03 9.9311851264716921e+01
1.9295497296760259e+14 1.5252687668231627e-03 9.9769263324323390e+01
1.9303835886776147e+14 1.6814130980712019e-03 1.0183490430968679e+02
1.9312181686986597e+14 1.1597327443461920e-03 1.0247875837531056e+02
1.9320534706747406e+14 1.4356593473476220e-03 1.0136285509662802e+02
1.9328894955430550e+14 1.3226170734809575e-03 9.8665185737953848e+01
1.9337262442424244e+14 2.7667477164176339e-03 1.0057229012577929e+02
1.9345637177132959e+14 8.1980091592158150e-04 1.0245277392743560e+02
1.9354019168977469e+14 1.4243502004397104e-03 1.0264341209977914e+02
1.9362408427394884e+14 3.9889857119285183e-03 1.0440261223668487e+02
1.9370804961838681e+14 2.9096724888742938e-03 1.0726780913314160e+02
1.9379208781778741e+14 8.4168239829450725e-04 1.0678919449518169e+02
1.9387619896701388e+14 2.5561255201460046e-03 1.0857548913031923e+02
1.9396038316109422e+14 5.1263756276418628e-03 1.1113813504389151e+02
1.9404464049522156e+14 1.9041397140301076e-03 1.1367210156473396e+02
1.9412897106475447e+14 4.7617264889829281e-04 1.1268784600535032e+02
1.9421337496521741e+14 3.6570377187953082e-04 1.1064501559093797e+02
1.9429785229230100e+14 9.7047768197471755e-04 1.0996886630951582e+02
1.9438240314186250e+14 3.3576708918171263e-04 1.0843223352456005e+02
1.9446702760992600e+14 1.4293796916280380e-03 1.0554463383905545e+02
1.9455172579268294e+14 1.7280723615702646e-03 1.0711916675921505e+02
1.9463649778649238e+14 1.3850998640590007e-03 1.0717605101540060e+02
1.9472134368788144e+14 3.2295668128420095e-03 1.0904512267240789e+02
1.9480626359354556e+14 4.8337274155059494e-03 1.1144588580169642e+02
1.9489125760034903e+14 1.3659730433957917e-03 1.1281810978605982e+02
1.9497632580532519e+14 3.6163013380599487e-03 1.1418544356486962e+02
1.9506146830567684e+14 3.2087026537348795e-03 1.1556897074409056e+02
1.9514668519877675e+14 1.6244717014909803e-03 1.1689743854549130e+02
1.9523197658216784e+14 3.1289246609567120e-03 1.1824980980975354e+02
1.9531734255356362e+14 1.8081750038530700e-03 1.1934250565754434e+02
1.9540278321084866e+14 3.3493186547260802e-03 1.2008435772266392e+02
1.9548829865207878e+14 5.0631711985128129e-03 1.2265398275006923e+02
1.9557388897548162e+14 1.4001677910681265e-03 1.2432337839108135e+02
1.9565955427945684e+14 2.7674990386957676e-03 1.2497166031374631e+02
1.9574529466257669e+14 5.8676566296671463e-03 1.2651309147820294e+02
1.9583111022358616e+14 4.2026258742719003e-03 1.2831257579596809e+02
1.9591700106140350e+14 6.8194997813253670e-03 1.2939273292520852e+02
1.9600296727512066e+14 1.0691155636266308e-02 1.3127168146456106e+02
1.9608900896400350e+14 8.2691314014086380e-03 1.3319409677630478e+02
1.9617512622749231e+14 3.6527812209700122e-03 1.3464262840330960e+02
1.9626131916520209e+14 9.8420389472943515e-03 1.3537209572575793e+02
1.9634758787692306e+14 1.0486561315639289e-02 1.3742160749434285e+02
1.9643393246262094e+14 7.2363436374524078e-03 1.3906801889758347e+02
1.9652035302243731e+14 7.8834151366088574e-03 1.4031128786646832e+02
1.9660684965669012e+14 1.1209058261676997e-02 1.4163493028779868e+02
1.9669342246587406e+14 8.4234308565890020e-03 1.4419497635652613e+02
1.9678007155066078e+14 5.9532374908565664e-03 1.4398581688892156e+02
1.9686679701189950e+14 4.9487228849201294e-03 1.4610093095981674e+02
1.9695359895061728e+14 1.6208378664531755e-02 1.4752789928705820e+02
1.9704047746801941e+14 5.2725974031989017e-03 1.4960088157313919e+02
1.9712743266548984e+14 8.3904043940717515e-03 1.5079984506582883e+02
1.9721446464459162e+14 5.6028881668940475e-03 1.5153628301754082e+02
1.9730157350706712e+14 1.5074777858655396e-03 1.5457707155738069e+02
1.9738875935483872e+14 6.4649159150622420e-03 1.5489510946050623e+02
1.9747602229000884e+14 8.0589016703964070e-03 1.5563134702578958e+02
1.9756336241486069e+14 1.5420600265470222e-02 1.5737457640797848e+02
1.9765077983185841e+14 1.4766487264641543e-02 1.5990343585364181e+02
1.9773827464364762e+14 3.7474069490674757e-03 1.6061090094465311e+02
1.9782584695305581e+14 7.1532003919949410e-03 1.6136487268234399e+02
1.9791349686309259e+14 1.9274966892320691e-02 1.6369874666125895e+02
1.9800122447695034e+14 1.3894610527364005e-02 1.6535385615191478e+02
1.9808902989800444e+14 8.5361991977286698e-03 1.6603190724781825e+02
1.9817691322981366e+14 2.7752239306457326e-02 1.6813286141150340e+02
1.9826487457612072e+14 1.2045468885385928e-02 1.6999365806516559e+02
1.9835291404085256e+14 7.5556225613225281e-03 1.7169490178949678e+02
1.9844103172812084e+14 1.6170757236385409e-02 1.7241067918023398e+02
1.9852922774222222e+14 9.0818252265294861e-03 1.7376768766891288e+02
1.9861750218763894e+14 1.6188843071119025e-02 1.7584600112567418e+02
1.9870585516903916e+14 1.6915634455929598e-02 1.7738717376802839e+02
1.9879428679127725e+14 1.5742470883358613e-02 1.7913804019183803e+02
1.9888279715939447e+14 1.5957678913626774e-02 1.8023828063871034e+02
1.9897138637861916e+14 3.0368453511429812e-02 1.8236018444010486e+02
1.9906005455436719e+14 1.7508254317725808e-02 1.8221251729150035e+02
1.9914880179224253e+14 2.2858205014026606e-02 1.8472901971109908e+02
1.9923762819803747e+14 3.0899644055176204e-02 1.8657694718330765e+02
1.9932653387773316e+14 9.8076856267201237e-03 1.8970059221820804e+02
1.9941551893750000e+14 1.5863176154839984e-02 1.8854732101449781e+02
1.9950458348369806e+14 2.6424153092314648e-02 1.9100402010855265e+02
1.9959372762287756e+14 1.8416760643932391e-02 1.9378332500406356e+02
1.9968295146177916e+14 1.6481366766570634e-02 1.9306120773506464e+02
1.9977225510733453e+14 3.4261989766737388e-02 1.9526591106008792e+02
1.9986163866666666e+14 3.2876148747267728e-02 1.9749643445624181e+02
("port 1","mode 1",1,"port 2",1,"transmission")
(150, 3)
1.8737028625000000e+14 5.5186612550124836e-01 1.3507123501557872e+00
1.8744891415023081e+14 5.6448471951433210e-01 2.0550890712562779e+00
1.8752760806884972e+14 5.6102642180521878e-01 2.7835615328151988e+00
1.8760636808903822e+14 5.8559325265331863e-01 3.5312668577762678e+00
1.8768519429411766e+14 5.6239361681000255e-01 4.2607923088330661e+00
1.8776408676754941e+14 5.6421926455538096e-01 4.9573808620415036e+00
1.8784304559293525e+14 5.7681688635670658e-01 5.6795128298465158e+00
1.8792207085401769e+14 6.0135911367876560e-01 6.4391251466245052e+00
1.8800116263468016e+14 5.8616440804070313e-01 7.1852998480372641e+00
1.8808032101894738e+14 5.7494402634149688e-01 7.9064169522596348e+00
1.8815954609098569e+14 5.7598176840367832e-01 8.6100598433251658e+00
1.8823883793510325e+14 5.9545674221256839e-01 9.3565416602660463e+00
1.8831819663575044e+14 5.9380188307145820e-01 1.0093952016464916e+01
1.8839762227752003e+14 5.9097968418196511e-01 1.0822252311323322e+01
1.8847711494514769e+14 6.0167256900410615e-01 1.1547885383637553e+01
1.8855667472351203e+14 6.0460790065604797e-01 1.2295348050241179e+01
1.8863630169763516e+14 6.0526784220024543e-01 1.3039508675095902e+01
1.8871599595268272e+14 5.9897287331874449e-01 1.3769675636629440e+01
1.8879575757396450e+14 6.0994505665722309e-01 1.4496853462170012e+01
1.8887558664693447e+14 6.1179354877735703e-01 1.5235086961350030e+01
1.8895548325719122e+14 6.1158988042026885e-01 1.5982701825511807e+01
1.8903544749047822e+14 6.1421439165109615e-01 1.6709280579209725e+01
1.8911547943268419e+14 6.2291325512735807e-01 1.7460349238468087e+01
1.8919557916984328e+14 6.2944064437079839e-01 1.8199647005893198e+01
1.8927574678813559e+14 6.2213918467664753e-01 1.8952069665331866e+01
1.8935598237388725e+14 6.2037544377852893e-01 1.9682403896658670e+01
1.8943628601357084e+14 6.2879229693239691e-01 2.0415950297947049e+01
1.8951665779380569e+14 6.3771125543082208e-01 2.1173058551640786e+01
1.8959709780135825e+14 6.3347095880814752e-01 2.1916829657200946e+01
1.8967760612314225e+14 6.3781816817536885e-01 2.2656222903452857e+01
1.8975818284621922e+14 6.4479730079874520e-01 2.3402390502243072e+01
1.8983882805779856e+14 6.4647315769399583e-01 2.4164404511504156e+01
1.8991954184523809e+14 6.4062575935930355e-01 2.4908742695274675e+01
1.9000032429604425e+14 6.4256387498294321e-01 2.5643378681494831e+01
1.9008117549787234e+14 6.5414068388610358e-01 2.6389217173071852e+01
1.9016209553852703e+14 6.5872069764761820e-01 2.7157099397620524e+01
1.9024308450596253e+14 6.5016594984118614e-01 2.7909980209619714e+01
1.9032414248828291e+14 6.5077307768237824e-01 2.8651902189277461e+01
1.9040526957374253e+14 6.5998857860689997e-01 2.9392202132695704e+01
1.9048646585074628e+14 6.6886998677579834e-01 3.0162311814011087e+01
1.9056773140784984e+14 6.5806828739231771e-01 3.0921300699876312e+01
1.9064906633376016e+14 6.5404769027208520e-01 3.1665069306202501e+01
1.9073047071733562e+14 6.6293168926063228e-01 3.2401828268332345e+01
1.9081194464758650e+14 6.7769145344534643e-01 3.3175082242376284e+01
1.9089348821367522e+14 6.7059684701247801e-01 3.3941914239096157e+01
1.9097510150491662e+14 6.6321581826660647e-01 3.4692098317529712e+01
1.9105678461077844e+14 6.6743468660340055e-01 3.5428059376700489e+01
1.9113853762088147e+14 6.8116698920727181e-01 3.6198298418709712e+01
1.9122036062500000e+14 6.7753752504636633e-01 3.6969471953703980e+01
1.9130225371306209e+14 6.7375862184953761e-01 3.7728541731137248e+01
1.9138421697514997e+14 6.7627256756240639e-01 3.8473657535694230e+01
1.9146625050150022e+14 6.8694272061558492e-01 3.9240115147294432e+01
1.9154835438250428e+14 6.8147767012041416e-01 4.0010340383415524e+01
1.9163052870870872e+14 6.7768237763759265e-01 4.0771423776003452e+01
1.9171277357081547e+14 6.8246977902973704e-01 4.1523682921456448e+01
1.9179508905968228e+14 6.8986738310535256e-01 4.2298843663842305e+01
1.9187747526632303e+14 6.8493881671692347e-01 4.3065053730325928e+01
1.9195993228190803e+14 6.8600442417357643e-01 4.3826519141852899e+01
1.9204246019776441e+14 6.8894240060521361e-01 4.4587009379859694e+01
1.9212505910537634e+14 6.8810289855964590e-01 4.5362901195109750e+01
1.9220772909638553e+14 6.8472517056294091e-01 4.6130533105423588e+01
1.9229047026259147e+14 6.8668384074024003e-01 4.6891070194457889e+01
1.9237328269595178e+14 6.9279948342373165e-01 4.7661355444895186e+01
1.9245616648858250e+14 6.9020869944557128e-01 4.8434304045068281e+01
1.9253912173275862e+14 6.8943991231862700e-01 4.9208058763767532e+01
1.9262214852091419e+14 6.8668430684289472e-01 4.9965684487661925e+01
1.9270524694564281e+14 6.9227231603946082e-01 5.0743604734460675e+01
1.9278841709969788e+14 6.9176637029733223e-01 5.1515225910835113e+01
1.9287165907599309e+14 6.8680115678945375e-01 5.2297955606789309e+01
1.9295497296760259e+14 6.9300120644058694e-01 5.3058385399822370e+01
1.9303835886776147e+14 6.9047790769433748e-01 5.3837763717172862e+01
1.9312181686986597e+14 6.9423629686805099e-01 5.4611300718185255e+01
1.9320534706747406e+14 6.8648544433645031e-01 5.5387895570260753e+01
1.9328894955430550e+14 6.9027171951148603e-01 5.6165343160114027e+01
1.9337262442424244e+14 6.8487673793317216e-01 5.6935859019684031e+01
1.9345637177132959e+14 6.9390564911143482e-01 5.7716590529969196e+01
1.9354019168977469e+14 6.9117464999634548e-01 5.8500232098394996e+01
1.9362408427394884e+14 6.8306811403401213e-01 5.9280322835814943e+01
1.9370804961838681e+14 6.8778494490283115e-01 6.0043658619635970e+01
1.9379208781778741e+14 6.9218500049621789e-01 6.0835189158145837e+01
1.9387619896701388e+14 6.8522691646581446e-01 6.1624215806163193e+01
1.9396038316109422e+14 6.7974836464092347e-01 6.2391033639436252e+01
1.9404464049522156e+14 6.8877129654901204e-01 6.3173927470386282e+01
1.9412897106475447e+14 6.8856763154578815e-01 6.3967604123254723e+01
1.9421337496521741e+14 6.7940015340165205e-01 6.4749568610249526e+01
1.9429785229230100e+14 6.8166433047040476e-01 6.5527820312781131e+01
1.9438240314186250e+14 6.8241484045357037e-01 6.6317481850338538e+01
1.9446702760992600e+14 6.7600566536406814e-01 6.7108131652783428e+01
1.9455172579268294e+14 6.7702540364508657e-01 6.7883234808299804e+01
1.9463649778649238e+14 6.7914740621933933e-01 6.8675484341988891e+01
1.9472134368788144e+14 6.7673303286650466e-01 6.9469184909076560e+01
1.9480626359354556e+14 6.6783628929199645e-01 7.0246014704604903e+01
1.9489125760034903e+14 6.7291996409730470e-01 7.1037806967261957e+01
1.9497632580532519e+14 6.7209457514785464e-01 7.1830949484268515e+01
1.9506146830567684e+14 6.6574144780093703e-01 7.2630232449089462e+01
1.9514668519877675e+14 6.6368237419467546e-01 7.3407090254091443e+01
1.9523197658216784e+14 6.6316811526063923e-01 7.4197882897735028e+01
1.9531734255356362e+14 6.6753842635066640e-01 7.4993240340315950e+01
1.9540278321084866e+14 6.6451230888893131e-01 7.5793662394604652e+01
1.9548829865207878e+14 6.5723897466237857e-01 7.6588981014757223e+01
1.9557388897548162e+14 6.5279807541520896e-01 7.7376217472212161e+01
1.9565955427945684e+14 6.5539050974186508e-01 7.8168797556794047e+01
1.9574529466257669e+14 6.5417719179030798e-01 7.8971181477755863e+01
1.9583111022358616e+14 6.4984243677584363e-01 7.9771505641977257e+01
1.9591700106140350e+14 6.4703608091306430e-01 8.0565567373422525e+01
1.9600296727512066e+14 6.4352998201489142e-01 8.1365142453041429e+01
1.9608900896400350e+14 6.4004758858186928e-01 8.2167696225551651e+01
1.9617512622749231e+14 6.3443367909738824e-01 8.2959685429958242e+01
1.9626131916520209e+14 6.3863666833983801e-01 8.3762672033900543e+01
1.9634758787692306e+14 6.2961516848335886e-01 8.4567159387857515e+01
1.9643393246262094e+14 6.2375398994598286e-01 8.5365571235883124e+01
1.9652035302243731e+14 6.2160045095861283e-01 8.6158239170892529e+01
1.9660684965669012e+14 6.3119059831965618e-01 8.6974732574088222e+01
1.9669342246587406e+14 6.1359139590392331e-01 8.7776418780135685e+01
1.9678007155066078e+14 6.0968834688814488e-01 8.8580224474930660e+01
1.9686679701189950e+14 6.0706852356035879e-01 8.9370296709367821e+01
1.9695359895061728e+14 6.1815124624228446e-01 9.0184531908843468e+01
1.9704047746801941e+14 5.9580783362304757e-01 9.0996142136251322e+01
1.9712743266548984e+14 5.9388313220729627e-01 9.1787930668049825e+01
1.9721446464459162e+14 5.9904866293290326e-01 9.2592743703191985e+01
1.9730157350706712e+14 6.1161909328200004e-01 9.3424509332295159e+01
1.9738875935483872e+14 5.7827561542045691e-01 9.4223938174408360e+01
1.9747602229000884e+14 5.7408084717424701e-01 9.5018434507407406e+01
1.9756336241486069e+14 5.7937157819826657e-01 9.5818501546822986e+01
1.9765077983185841e+14 5.8326668558080574e-01 9.6655025793226869e+01
1.9773827464364762e+14 5.6559878226461546e-01 9.7459948562406950e+01
1.9782584695305581e+14 5.7088852888460018e-01 9.8265727300586519e+01
1.9791349686309259e+14 5.6962396848972785e-01 9.9063225333081576e+01
1.9800122447695034e+14 5.5575144139631716e-01 9.9908052719583253e+01
1.9808902989800444e+14 5.3453536352569775e-01 1.0069664116803665e+02
1.9817691322981366e+14 5.4289417165660891e-01 1.0147693584387953e+02
1.9826487457612072e+14 5.5987389683171473e-01 1.0233991259132195e+02
1.9835291404085256e+14 5.3589072631326784e-01 1.0317869942622663e+02
1.9844103172812084e+14 5.1530983292407484e-01 1.0394827053177303e+02
1.9852922774222222e+14 5.4518142563657990e-01 1.0474936995679275e+02
1.9861750218763894e+14 5.3569588225378517e-01 1.0561085782342910e+02
1.9870585516903916e+14 5.0310670051460094e-01 1.0640705269109999e+02
1.9879428679127725e+14 5.1987114925459721e-01 1.0718573438661680e+02
1.9888279715939447e+14 5.2297687915443425e-01 1.0804309877547371e+02
1.9897138637861916e+14 5.0128649815906445e-01 1.0887152686507058e+02
1.9906005455436719e+14 5.2356371258483225e-01 1.0962834808422986e+02
1.9914880179224253e+14 5.1780120102645144e-01 1.1051232016534048e+02
1.9923762819803747e+14 4.8080687087116741e-01 1.1134079675887986e+02
1.9932653387773316e+14 4.7163187451824440e-01 1.1210295863648564e+02
1.9941551893750000e+14 4.9478762247836933e-01 1.1288707277963641e+02
1.9950458348369806e+14 5.0472285275861584e-01 1.1379357234110749e+02
1.9959372762287756e+14 4.6566574657910881e-01 1.1463033612704845e+02
1.9968295146177916e+14 4.6393822296562581e-01 1.1539322718089632e+02
1.9977225510733453e+14 4.7951850418925329e-01 1.1622314231912141e+02
1.9986163866666666e+14 4.5933371426603048e-01 1.1713248280438836e+02
("port 1","mode 1",1,"port 3",1,"transmission")
(150, 3)
1.8737028625000000e+14 6.0781931862186700e-01 2.9563323753454829e+00
1.8744891415023081e+14 6.0277721793604833e-01 3.6821025543017649e+00
1.8752760806884972e+14 5.9799354120785175e-01 4.4005817163972445e+00
1.8760636808903822e+14 6.0773920329496611e-01 5.1055029014832431e+00
1.8768519429411766e+14 6.2562352606278249e-01 5.8477172621418454e+00
1.8776408676754941e+14 6.2394178378842902e-01 6.6163935584751306e+00
1.8784304559293525e+14 5.9504479320337278e-01 7.3310368163194504e+00
1.8792207085401769e+14 6.0922120985474248e-01 8.0327762019981783e+00
1.8800116263468016e+14 6.2479413002095818e-01 8.7737449019118223e+00
1.8808032101894738e+14 6.1996687105630877e-01 9.5410069106902622e+00
1.8815954609098569e+14 5.9680570927700238e-01 1.0245179850998481e+01
1.8823883793510325e+14 6.1076222098924471e-01 1.0953688420576228e+01
1.8831819663575044e+14 6.3574647090410763e-01 1.1695299715747355e+01
1.8839762227752003e+14 6.2922482733199236e-01 1.2474007671793171e+01
1.8847711494514769e+14 6.0838024189675155e-01 1.3197116517563522e+01
1.8855667472351203e+14 6.1162027705136723e-01 1.3900771336548312e+01
1.8863630169763516e+14 6.3299327156459440e-01 1.4642315969968111e+01
1.8871599595268272e+14 6.2553843641743423e-01 1.5407563346707128e+01
1.8879575757396450e+14 6.1666297573795825e-01 1.6133313625632685e+01
1.8887558664693447e+14 6.2439630351517250e-01 1.6846872551486818e+01
1.8895548325719122e+14 6.3664877438461587e-01 1.7605845695815280e+01
1.8903544749047822e+14 6.2923478362254015e-01 1.8357688514132828e+01
1.8911547943268419e+14 6.1834472074375646e-01 1.9091221117252928e+01
1.8919557916984328e+14 6.3026426343222286e-01 1.9812628316581996e+01
1.8927574678813559e+14 6.3183739001433981e-01 2.0572130774249779e+01
1.8935598237388725e+14 6.2743584156175147e-01 2.1311459850499929e+01
1.8943628601357084e+14 6.2579298230948799e-01 2.2042492303180396e+01
1.8951665779380569e+14 6.4122107806962358e-01 2.2786060070997376e+01
1.8959709780135825e+14 6.3736491249219829e-01 2.3544529654376241e+01
1.8967760612314225e+14 6.2944759458542276e-01 2.4298702701570242e+01
1.8975818284621922e+14 6.2570950630569466e-01 2.5008967985810873e+01
1.8983882805779856e+14 6.4673000931130353e-01 2.5760934414950736e+01
1.8991954184523809e+14 6.4535667399409313e-01 2.6526878741436825e+01
1.9000032429604425e+14 6.3051405720402298e-01 2.7276411784585328e+01
1.9008117549787234e+14 6.3208226980545557e-01 2.7997674068848593e+01
1.9016209553852703e+14 6.5111487766206966e-01 2.8745953399399664e+01
1.9024308450596253e+14 6.5570223724277765e-01 2.9526033537518629e+01
1.9032414248828291e+14 6.3349334011699776e-01 3.0276990533847766e+01
1.9040526957374253e+14 6.3378987081293281e-01 3.0991924525870253e+01
1.9048646585074628e+14 6.5597723527304186e-01 3.1742903212196957e+01
1.9056773140784984e+14 6.5737113630388611e-01 3.2524667535753274e+01
1.9064906633376016e+14 6.4501864203563997e-01 3.3285219522600215e+01
1.9073047071733562e+14 6.3393953181588603e-01 3.4003154174342143e+01
1.9081194464758650e+14 6.6219034764040241e-01 3.4756956062098382e+01
1.9089348821367522e+14 6.5874385161722104e-01 3.5534508294899766e+01
1.9097510150491662e+14 6.5117601991945251e-01 3.6300480709777311e+01
1.9105678461077844e+14 6.3900970346850761e-01 3.7015620862200322e+01
1.9113853762088147e+14 6.6543746878027432e-01 3.7784145469793167e+01
1.9122036062500000e+14 6.6329171788096208e-01 3.8554861283529533e+01
1.9130225371306209e+14 6.5472314329132197e-01 3.9328645609594282e+01
1.9138421697514997e+14 6.5199206988601399e-01 4.0043312135669467e+01
1.9146625050150022e+14 6.6872733681506080e-01 4.0821297050868615e+01
1.9154835438250428e+14 6.6651454133202781e-01 4.1588161872708710e+01
1.9163052870870872e+14 6.5514748155455016e-01 4.2360919980935506e+01
1.9171277357081547e+14 6.6603992882410468e-01 4.3093022099967591e+01
1.9179508905968228e+14 6.7219435741553235e-01 4.3870481649394605e+01
1.9187747526632303e+14 6.7080099082916145e-01 4.4637054989399481e+01
1.9195993228190803e+14 6.5977868782427884e-01 4.5398156957749521e+01
1.9204246019776441e+14 6.7463369124037476e-01 4.6153047615915739e+01
1.9212505910537634e+14 6.7738935240835896e-01 4.6928432357113707e+01
1.9220772909638553e+14 6.7398585466907801e-01 4.7702207122849494e+01
1.9229047026259147e+14 6.7006152233349647e-01 4.8456245184107310e+01
1.9237328269595178e+14 6.7900153291498921e-01 4.9223526624477543e+01
1.9245616648858250e+14 6.8388627989055406e-01 5.0000053484507447e+01
1.9253912173275862e+14 6.7332303660971382e-01 5.0777590513009457e+01
1.9262214852091419e+14 6.7357769863319983e-01 5.1535433525119949e+01
1.9270524694564281e+14 6.8199441463406429e-01 5.2300889604801704e+01
1.9278841709969788e+14 6.8982782834103074e-01 5.3084715706564396e+01
1.9287165907599309e+14 6.7647228241506507e-01 5.3866003261072322e+01
1.9295497296760259e+14 6.7266064353117494e-01 5.4620308444517207e+01
1.9303835886776147e+14 6.8165347902628470e-01 5.5388828609357425e+01
1.9312181686986597e+14 6.8931859174773313e-01 5.6178878019234659e+01
1.9320534706747406e+14 6.7474047398285353e-01 5.6958120610074047e+01
1.9328894955430550e+14 6.7627083642024599e-01 5.7716990017712824e+01
1.9337262442424244e+14 6.8612720161264551e-01 5.8487692062589204e+01
1.9345637177132959e+14 6.8626920188705653e-01 5.9287069683179311e+01
1.9354019168977469e+14 6.7553086247674798e-01 6.0056697486232864e+01
1.9362408427394884e+14 6.7856669454223673e-01 6.0822253240793195e+01
1.9370804961838681e+14 6.9083500289053323e-01 6.1608846595034663e+01
1.9379208781778741e+14 6.8364450581413527e-01 6.2398049665727086e+01
1.9387619896701388e+14 6.7959498469206681e-01 6.3169204197365410e+01
1.9396038316109422e+14 6.8791074996934343e-01 6.3948061011523023e+01
1.9404464049522156e+14 6.8756986765205175e-01 6.4743901237408409e+01
1.9412897106475447e+14 6.7881113225026912e-01 6.5527047159645292e+01
1.9421337496521741e+14 6.8144134908545984e-01 6.6296799780110959e+01
1.9429785229230100e+14 6.8759946613993561e-01 6.7087935399749796e+01
1.9438240314186250e+14 6.8339131633327044e-01 6.7883118463236116e+01
1.9446702760992600e+14 6.7533700077442171e-01 6.8660760988107427e+01
1.9455172579268294e+14 6.8136025762768582e-01 6.9446528637521709e+01
1.9463649778649238e+14 6.8147756116066616e-01 7.0240148834532150e+01
1.9472134368788144e+14 6.7379123734704194e-01 7.1034102834959995e+01
1.9480626359354556e+14 6.7425956483832561e-01 7.1806992597538965e+01
1.9489125760034903e+14 6.7801490936338249e-01 7.2601325521078053e+01
1.9497632580532519e+14 6.7313567904938110e-01 7.3397097318245130e+01
1.9506146830567684e+14 6.6519456682869671e-01 7.4186562104800828e+01
1.9514668519877675e+14 6.7212335336565254e-01 7.4966335990492439e+01
1.9523197658216784e+14 6.7095509426976374e-01 7.5775793687544223e+01
1.9531734255356362e+14 6.6402682666279911e-01 7.6566493091588057e+01
1.9540278321084866e+14 6.5872900122724853e-01 7.7352503112477763e+01
1.9548829865207878e+14 6.6511088063493295e-01 7.8143735810574427e+01
1.9557388897548162e+14 6.6022811621685362e-01 7.8945094193869963e+01
1.9565955427945684e+14 6.5828879363740478e-01 7.9739013963710363e+01
1.9574529466257669e+14 6.5522673832372380e-01 8.0536489598730242e+01
1.9583111022358616e+14 6.5294510766724501e-01 8.1339915669763471e+01
1.9591700106140350e+14 6.4370170602891152e-01 8.2132800716872140e+01
1.9600296727512066e+14 6.4382879586203046e-01 8.2921806744378870e+01
1.9608900896400350e+14 6.4425781534827709e-01 8.3720159320964697e+01
1.9617512622749231e+14 6.4475804267741588e-01 8.4527118547850236e+01
1.9626131916520209e+14 6.3483403938664762e-01 8.5334714266644113e+01
1.9634758787692306e+14 6.3127686453490095e-01 8.6122392065243318e+01
1.9643393246262094e+14 6.3234236414545486e-01 8.6928900065846349e+01
1.9652035302243731e+14 6.2600640236420579e-01 8.7733331666475820e+01
1.9660684965669012e+14 6.1804106803293024e-01 8.8536220055838129e+01
1.9669342246587406e+14 6.2573118209032941e-01 8.9320536470095391e+01
1.9678007155066078e+14 6.2009707954890425e-01 9.0147108679150563e+01
1.9686679701189950e+14 6.0953226668940874e-01 9.0937367248330233e+01
1.9695359895061728e+14 6.0699383233383875e-01 9.1761705921698407e+01
1.9704047746801941e+14 6.0870413524434297e-01 9.2541375352649354e+01
1.9712743266548984e+14 6.0276173871488448e-01 9.3365777637790529e+01
1.9721446464459162e+14 5.9786232648116910e-01 9.4161853491147014e+01
1.9730157350706712e+14 5.8677943671368316e-01 9.4988377407628008e+01
1.9738875935483872e+14 6.0100420682081501e-01 9.5774849616352753e+01
1.9747602229000884e+14 5.8717255743727925e-01 9.6594167902336096e+01
1.9756336241486069e+14 5.7704545790504558e-01 9.7403725057702871e+01
1.9765077983185841e+14 5.8137494283254598e-01 9.8192181419981594e+01
1.9773827464364762e+14 5.7743076266656579e-01 9.9019002297058066e+01
1.9782584695305581e+14 5.6507447216207618e-01 9.9854501983968348e+01
1.9791349686309259e+14 5.5136970994845380e-01 1.0060780040287862e+02
1.9800122447695034e+14 5.7075894058714660e-01 1.0144721115159159e+02
1.9808902989800444e+14 5.6807945165585327e-01 1.0226339639033465e+02
1.9817691322981366e+14 5.3575014731258142e-01 1.0311248241298989e+02
1.9826487457612072e+14 5.4020758185478457e-01 1.0386919911101577e+02
1.9835291404085256e+14 5.3911069564715108e-01 1.0468130804041347e+02
1.9844103172812084e+14 5.4691331260338027e-01 1.0553269818503723e+02
1.9852922774222222e+14 5.2849491690049089e-01 1.0631612124103769e+02
1.9861750218763894e+14 5.2539008240163720e-01 1.0714465613988781e+02
1.9870585516903916e+14 5.3822559409244797e-01 1.0795891455626881e+02
1.9879428679127725e+14 5.0213938321784757e-01 1.0878142462022980e+02
1.9888279715939447e+14 5.0625453645896268e-01 1.0957080866997687e+02
1.9897138637861916e+14 5.1504023539931365e-01 1.1036829131802912e+02
1.9906005455436719e+14 5.2437123646523764e-01 1.1128090533469060e+02
1.9914880179224253e+14 4.9236763641225856e-01 1.1205195576287835e+02
1.9923762819803747e+14 4.8849800974482849e-01 1.1282128454552996e+02
1.9932653387773316e+14 5.0857046530318539e-01 1.1367657013317620e+02
1.9941551893750000e+14 4.8335466737024130e-01 1.1449669749434068e+02
1.9950458348369806e+14 4.7207344957677239e-01 1.1530478102949570e+02
1.9959372762287756e+14 4.9365689776002991e-01 1.1610389502444835e+02
1.9968295146177916e+14 4.8405017036863240e-01 1.1699009867961715e+02
1.9977225510733453e+14 4.6475622899264929e-01 1.1778162156056595e+02
1.9986163866666666e+14 4.6236968810072582e-01 1.1853867685993846e+02
("port 2","mode 1",1,"port 1",1,"transmission")
(150, 3)
1.8737028625000000e+14 5.5186612550124925e-01 1.3507123501557885e+00
1.8744891415023081e+14 5.6448471951433232e-01 2.0550890712562748e+00
1.8752760806884972e+14 5.6102642180522377e-01 2.7835615328151895e+00
1.8760636808903822e+14 5.8559325265332540e-01 3.5312668577762656e+00
1.8768519429411766e+14 5.6239361681000466e-01 4.2607923088330653e+00
1.8776408676754941e+14 5.6421926455538229e-01 4.9573808620414965e+00
1.8784304559293525e+14 5.7681688635671458e-01 5.6795128298465114e+00
1.8792207085401769e+14 6.0135911367876960e-01 6.4391251466245070e+00
1.8800116263468016e+14 5.8616440804070469e-01 7.1852998480372632e+00
1.8808032101894738e+14 5.7494402634149844e-01 7.9064169522596313e+00
1.8815954609098569e+14 5.7598176840368720e-01 8.6100598433251605e+00
1.8823883793510325e+14 5.9545674221257228e-01 9.3565416602660481e+00
1.8831819663575044e+14 5.9380188307146053e-01 1.0093952016464911e+01
1.8839762227752003e+14 5.9097968418196878e-01 1.0822252311323314e+01
1.8847711494514769e+14 6.0167256900411314e-01 1.1547885383637553e+01
1.8855667472351203e+14 6.0460790065605141e-01 1.2295348050241179e+01
1.8863630169763516e+14 6.0526784220024554e-01 1.3039508675095901e+01
1.8871599595268272e+14 5.9897287331874804e-01 1.3769675636629428e+01
1.8879575757396450e+14 6.0994505665722998e-01 1.4496853462170009e+01
1.8887558664693447e+14 6.1179354877736136e-01 1.5235086961350028e+01
1.8895548325719122e+14 6.1158988042027107e-01 1.5982701825511803e+01
1.8903544749047822e+14 6.1421439165109992e-01 1.6709280579209718e+01
1.8911547943268419e+14 6.2291325512736562e-01 1.7460349238468080e+01
1.8919557916984328e+14 6.2944064437080260e-01 1.8199647005893198e+01
1.8927574678813559e+14 6.2213918467664997e-01 1.8952069665331862e+01
1.8935598237388725e+14 6.2037544377853393e-01 1.9682403896658663e+01
1.8943628601357084e+14 6.2879229693240291e-01 2.0415950297947045e+01
1.8951665779380569e+14 6.3771125543082874e-01 2.1173058551640786e+01
1.8959709780135825e+14 6.3347095880815008e-01 2.1916829657200946e+01
1.8967760612314225e+14 6.3781816817537462e-01 2.2656222903452850e+01
1.8975818284621922e+14 6.4479730079875153e-01 2.3402390502243072e+01
1.8983882805779856e+14 6.4647315769400004e-01 2.4164404511504156e+01
1.8991954184523809e+14 6.4062575935930699e-01 2.4908742695274668e+01
1.9000032429604425e+14 6.4256387498294809e-01 2.5643378681494823e+01
1.9008117549787234e+14 6.5414068388610691e-01 2.6389217173071845e+01
1.9016209553852703e+14 6.5872069764762287e-01 2.7157099397620520e+01
1.9024308450596253e+14 6.5016594984119014e-01 2.7909980209619711e+01
1.9032414248828291e+14 6.5077307768238413e-01 2.8651902189277457e+01
1.9040526957374253e+14 6.5998857860690630e-01 2.9392202132695701e+01
1.9048646585074628e+14 6.6886998677580245e-01 3.0162311814011083e+01
1.9056773140784984e+14 6.5806828739232259e-01 3.0921300699876308e+01
1.9064906633376016e+14 6.5404769027209109e-01 3.1665069306202497e+01
1.9073047071733562e+14 6.6293168926063806e-01 3.2401828268332338e+01
1.9081194464758650e+14 6.7769145344535098e-01 3.3175082242376277e+01
1.9089348821367522e+14 6.7059684701248368e-01 3.3941914239096150e+01
1.9097510150491662e+14 6.6321581826661202e-01 3.4692098317529712e+01
1.9105678461077844e+14 6.6743468660340610e-01 3.5428059376700489e+01
1.9113853762088147e+14 6.8116698920727559e-01 3.6198298418709705e+01
1.9122036062500000e+14 6.7753752504637155e-01 3.6969471953703980e+01
1.9130225371306209e+14 6.7375862184954238e-01 3.7728541731137241e+01
1.9138421697514997e+14 6.7627256756241139e-01 3.8473657535694230e+01
1.9146625050150022e+14 6.8694272061558870e-01 3.9240115147294432e+01
1.9154835438250428e+14 6.8147767012041904e-01 4.0010340383415524e+01
1.9163052870870872e+14 6.7768237763759820e-01 4.0771423776003452e+01
1.9171277357081547e+14 6.8246977902974226e-01 4.1523682921456448e+01
1.9179508905968228e+14 6.8986738310535733e-01 4.2298843663842298e+01
1.9187747526632303e+14 6.8493881671692869e-01 4.3065053730325921e+01
1.9195993228190803e+14 6.8600442417358176e-01 4.3826519141852891e+01
1.9204246019776441e+14 6.8894240060521805e-01 4.4587009379859687e+01
1.9212505910537634e+14 6.8810289855965101e-01 4.5362901195109743e+01
1.9220772909638553e+14 6.8472517056294668e-01 4.6130533105423581e+01
1.9229047026259147e+14 6.8668384074024458e-01 4.6891070194457889e+01
1.9237328269595178e+14 6.9279948342373721e-01 4.7661355444895179e+01
1.9245616648858250e+14 6.9020869944557539e-01 4.8434304045068281e+01
1.9253912173275862e+14 6.8943991231863178e-01 4.9208058763767532e+01
1.9262214852091419e+14 6.8668430684289972e-01 4.9965684487661925e+01
1.9270524694564281e+14 6.9227231603946660e-01 5.0743604734460668e+01
1.9278841709969788e+14 6.9176637029733723e-01 5.1515225910835106e+01
1.9287165907599309e+14 6.8680115678945763e-01 5.2297955606789309e+01
1.9295497296760259e+14 6.9300120644059249e-01 5.3058385399822370e+01
1.9303835886776147e+14 6.9047790769434114e-01 5.3837763717172855e+01
1.9312181686986597e+14 6.9423629686805655e-01 5.4611300718185255e+01
1.9320534706747406e+14 6.8648544433645542e-01 5.5387895570260753e+01
1.9328894955430550e+14 6.9027171951149247e-01 5.6165343160114020e+01
1.9337262442424244e+14 6.8487673793317572e-01 5.6935859019684031e+01
1.9345637177132959e+14 6.9390564911143970e-01 5.7716590529969196e+01
1.9354019168977469e+14 6.9117464999634981e-01 5.8500232098394989e+01
1.9362408427394884e+14 6.8306811403401813e-01 5.9280322835814943e+01
1.9370804961838681e+14 6.8778494490283493e-01 6.0043658619635970e+01
1.9379208781778741e+14 6.9218500049622356e-01 6.0835189158145837e+01
1.9387619896701388e+14 6.8522691646582068e-01 6.1624215806163193e+01
1.9396038316109422e+14 6.7974836464092891e-01 6.2391033639436245e+01
1.9404464049522156e+14 6.8877129654901559e-01 6.3173927470386282e+01
1.9412897106475447e+14 6.8856763154579415e-01 6.3967604123254716e+01
1.9421337496521741e+14 6.7940015340165605e-01 6.4749568610249526e+01
1.9429785229230100e+14 6.8166433047040864e-01 6.5527820312781117e+01
1.9438240314186250e+14 6.8241484045357448e-01 6.6317481850338538e+01
1.9446702760992600e+14 6.7600566536407380e-01 6.7108131652783428e+01
1.9455172579268294e+14 6.7702540364509056e-01 6.7883234808299790e+01
1.9463649778649238e+14 6.7914740621934466e-01 6.8675484341988891e+01
1.9472134368788144e+14 6.7673303286650821e-01 6.9469184909076546e+01
1.9480626359354556e+14 6.6783628929200034e-01 7.0246014704604889e+01
1.9489125760034903e+14 6.7291996409731025e-01 7.1037806967261943e+01
1.9497632580532519e+14 6.7209457514786064e-01 7.1830949484268515e+01
1.9506146830567684e+14 6.6574144780094313e-01 7.2630232449089462e+01
1.9514668519877675e+14 6.6368237419468057e-01 7.3407090254091429e+01
1.9523197658216784e+14 6.6316811526064356e-01 7.4197882897735013e+01
1.9531734255356362e+14 6.6753842635067095e-01 7.4993240340315936e+01
1.9540278321084866e+14 6.6451230888893675e-01 7.5793662394604652e+01
1.9548829865207878e+14 6.5723897466238312e-01 7.6588981014757209e+01
1.9557388897548162e+14 6.5279807541521406e-01 7.7376217472212161e+01
1.9565955427945684e+14 6.5539050974186952e-01 7.8168797556794033e+01
1.9574529466257669e+14 6.5417719179031153e-01 7.8971181477755849e+01
1.9583111022358616e+14 6.4984243677584952e-01 7.9771505641977257e+01
1.9591700106140350e+14 6.4703608091306719e-01 8.0565567373422525e+01
1.9600296727512066e+14 6.4352998201489631e-01 8.1365142453041429e+01
1.9608900896400350e+14 6.4004758858187483e-01 8.2167696225551651e+01
1.9617512622749231e+14 6.3443367909739079e-01 8.2959685429958228e+01
1.9626131916520209e+14 6.3863666833984167e-01 8.3762672033900543e+01
1.9634758787692306e+14 6.2961516848336219e-01 8.4567159387857501e+01
1.9643393246262094e+14 6.2375398994598774e-01 8.5365571235883124e+01
1.9652035302243731e+14 6.2160045095861693e-01 8.6158239170892514e+01
1.9660684965669012e+14 6.3119059831966140e-01 8.6974732574088208e+01
1.9669342246587406e+14 6.1359139590392764e-01 8.7776418780135685e+01
1.9678007155066078e+14 6.0968834688814844e-01 8.8580224474930660e+01
1.9686679701189950e+14 6.0706852356036334e-01 8.9370296709367807e+01
1.9695359895061728e+14 6.1815124624228779e-01 9.0184531908843468e+01
1.9704047746801941e+14 5.9580783362305345e-01 9.0996142136251322e+01
1.9712743266548984e+14 5.9388313220730093e-01 9.1787930668049825e+01
1.9721446464459162e+14 5.9904866293290726e-01 9.2592743703191985e+01
1.9730157350706712e+14 6.1161909328200115e-01 9.3424509332295145e+01
1.9738875935483872e+14 5.7827561542045991e-01 9.4223938174408346e+01
1.9747602229000884e+14 5.7408084717425278e-01 9.5018434507407406e+01
1.9756336241486069e+14 5.7937157819827001e-01 9.5818501546822986e+01
1.9765077983185841e+14 5.8326668558081052e-01 9.6655025793226869e+01
1.9773827464364762e+14 5.6559878226461702e-01 9.7459948562406950e+01
1.9782584695305581e+14 5.7088852888460151e-01 9.8265727300586505e+01
1.9791349686309259e+14 5.6962396848973407e-01 9.9063225333081562e+01
1.9800122447695034e+14 5.5575144139632060e-01 9.9908052719583253e+01
1.9808902989800444e+14 5.3453536352570263e-01 1.0069664116803663e+02
1.9817691322981366e+14 5.4289417165660969e-01 1.0147693584387952e+02
1.9826487457612072e+14 5.5987389683172106e-01 1.0233991259132195e+02
1.9835291404085256e+14 5.3589072631327317e-01 1.0317869942622663e+02
1.9844103172812084e+14 5.1530983292407684e-01 1.0394827053177303e+02
1.9852922774222222e+14 5.4518142563658356e-01 1.0474936995679273e+02
1.9861750218763894e+14 5.3569588225378839e-01 1.0561085782342910e+02
1.9870585516903916e+14 5.0310670051460382e-01 1.0640705269109999e+02
1.9879428679127725e+14 5.1987114925460154e-01 1.0718573438661679e+02
1.9888279715939447e+14 5.2297687915443880e-01 1.0804309877547371e+02
1.9897138637861916e+14 5.0128649815906823e-01 1.0887152686507058e+02
1.9906005455436719e+14 5.2356371258483325e-01 1.0962834808422986e+02
1.9914880179224253e+14 5.1780120102645499e-01 1.1051232016534048e+02
1.9923762819803747e+14 4.8080687087117058e-01 1.1134079675887986e+02
1.9932653387773316e+14 4.7163187451824834e-01 1.1210295863648564e+02
1.9941551893750000e+14 4.9478762247837405e-01 1.1288707277963641e+02
1.9950458348369806e+14 5.0472285275862105e-01 1.1379357234110749e+02
1.9959372762287756e+14 4.6566574657911086e-01 1.1463033612704844e+02
1.9968295146177916e+14 4.6393822296562731e-01 1.1539322718089632e+02
1.9977225510733453e+14 4.7951850418926095e-01 1.1622314231912142e+02
1.9986163866666666e+14 4.5933371426603237e-01 1.1713248280438836e+02
("port 2","mode 1",1,"port 2",1,"transmission")
(150, 3)
1.8737028625000000e+14 1.8961715673694014e-02 2.3030155968278780e+00
1.8744891415023081e+14 1.7068766785158916e-02 4.0116894654687840e+00
1.8752760806884972e+14 5.2616401878009100e-03 5.1708361748247009e+00
1.8760636808903822e+14 1.2756543610930857e-02 5.9671822105847454e+00
1.8768519429411766e+14 1.4993814217994684e-02 7.7346613039305510e+00
1.8776408676754941e+14 1.2683350390314057e-02 9.3278206889582727e+00
1.8784304559293525e+14 1.2331550259752884e-02 1.0120803114396981e+01
1.8792207085401769e+14 1.8084120294262648e-02 1.1621225897962502e+01
1.8800116263468016e+14 1.4145131212718312e-02 1.3278205321569862e+01
1.8808032101894738e+14 9.6271345039739570e-03 1.4397522772694774e+01
1.8815954609098569e+14 1.6036384536856605e-02 1.6029090373205978e+01
1.8823883793510325e+14 1.5928131642413208e-02 1.7510153973304124e+01
1.8831819663575044e+14 1.0750120918845082e-02 1.8951736404965875e+01
1.8839762227752003e+14 1.1507521106986494e-02 1.9713304768116259e+01
1.8847711494514769e+14 1.4038027533059855e-02 2.1415809150492599e+01
1.8855667472351203e+14 1.1823379052226423e-02 2.3236461893824252e+01
1.8863630169763516e+14 7.2824816173393562e-03 2.4393528627655758e+01
1.8871599595268272e+14 1.1500272790908459e-02 2.5779918650993416e+01
1.8879575757396450e+14 1.1375359712816838e-02 2.7237989236147104e+01
1.8887558664693447e+14 3.9886286675618662e-03 2.9063528666244185e+01
1.8895548325719122e+14 7.5323669087816146e-03 2.9416317619464007e+01
1.8903544749047822e+14 8.7532228455413554e-03 3.1447055029540397e+01
1.8911547943268419e+14 5.9486238730221989e-03 3.3367076662858707e+01
1.8919557916984328e+14 4.4895658449021622e-03 3.2905798272542896e+01
1.8927574678813559e+14 8.5732922448017428e-03 3.5171971621811522e+01
1.8935598237388725e+14 5.3307956254270159e-03 3.7283436789853525e+01
1.8943628601357084e+14 3.1677883407890722e-03 3.6609926159336453e+01
1.8951665779380569e+14 8.3945066567533439e-03 3.8824358052107392e+01
1.8959709780135825e+14 7.1880856779764669e-03 4.1107219048341861e+01
1.8967760612314225e+14 2.9722320641505894e-03 4.1843588884286959e+01
1.8975818284621922e+14 5.0463033660484505e-03 4.2796658359384551e+01
1.8983882805779856e+14 9.2429066683223718e-03 4.4824432953010259e+01
1.8991954184523809e+14 6.3345594781941293e-03 4.7049629950141615e+01
1.9000032429604425e+14 1.7353959259272774e-03 4.9004611304705755e+01
1.9008117549787234e+14 5.5224199210170705e-03 4.8343715840319440e+01
1.9016209553852703e+14 8.7276867171682034e-03 5.0663691352165579e+01
1.9024308450596253e+14 6.0638340751436332e-03 5.2805834310774621e+01
1.9032414248828291e+14 1.8252164827596970e-03 5.4833194859567158e+01
1.9040526957374253e+14 4.6778778437104908e-03 5.4539664899017467e+01
1.9048646585074628e+14 5.2886504437046926e-03 5.6817983156091493e+01
1.9056773140784984e+14 3.4005348728050437e-03 5.8776869771026519e+01
1.9064906633376016e+14 8.6426830169652276e-04 5.9214549784604706e+01
1.9073047071733562e+14 5.6600729386196962e-03 6.0935003322572861e+01
1.9081194464758650e+14 4.7158690238967823e-03 6.2996965170021760e+01
1.9089348821367522e+14 3.1641212045282405e-03 6.4890748988669444e+01
1.9097510150491662e+14 1.0485413185322889e-03 6.5538841811382014e+01
1.9105678461077844e+14 2.3428983023819181e-03 6.7097712488964163e+01
1.9113853762088147e+14 3.0047569138175341e-03 6.8866634121727884e+01
1.9122036062500000e+14 1.9541868355440377e-03 7.1048621186090656e+01
1.9130225371306209e+14 2.9738040341797281e-03 7.0933657445440133e+01
1.9138421697514997e+14 2.4478131947925337e-03 7.3615295861506738e+01
1.9146625050150022e+14 2.4942213577944482e-03 7.5109037462794134e+01
1.9154835438250428e+14 9.3068786324220919e-04 7.6383467545721857e+01
1.9163052870870872e+14 3.1267802017417227e-03 7.7574482452229702e+01
1.9171277357081547e+14 2.2438723158067471e-03 7.8773506329829956e+01
1.9179508905968228e+14 1.4951915587525300e-03 8.0266454121614629e+01
1.9187747526632303e+14 2.9328578047925838e-03 8.1880397069961006e+01
1.9195993228190803e+14 2.7208595920045299e-04 8.1901789998384288e+01
1.9204246019776441e+14 2.5039606693974723e-03 8.4693738906525709e+01
1.9212505910537634e+14 2.6793431978000891e-03 8.5659724333896094e+01
1.9220772909638553e+14 2.4443810010249733e-03 8.7904817511275922e+01
1.9229047026259147e+14 3.3485479282970919e-03 8.8688664126625611e+01
1.9237328269595178e+14 1.9744778591210934e-03 9.0482650227312021e+01
1.9245616648858250e+14 2.7455313693825730e-03 9.1916710475382146e+01
1.9253912173275862e+14 3.0072172164375367e-03 9.2800067365058879e+01
1.9262214852091419e+14 3.3691416567875479e-03 9.5712136476985449e+01
1.9270524694564281e+14 1.7320341167316850e-03 9.6384264128480325e+01
1.9278841709969788e+14 1.0442119710948991e-03 9.8175924363142869e+01
1.9287165907599309e+14 3.5072569549074437e-03 9.9311851264719976e+01
1.9295497296760259e+14 1.5252687668201002e-03 9.9769263324325323e+01
1.9303835886776147e+14 1.6814130980672656e-03 1.0183490430969307e+02
1.9312181686986597e+14 1.1597327443423401e-03 1.0247875837531797e+02
1.9320534706747406e+14 1.4356593473447896e-03 1.0136285509662974e+02
1.9328894955430550e+14 1.3226170734815129e-03 9.8665185737956079e+01
1.9337262442424244e+14 2.7667477164133344e-03 1.0057229012578196e+02
1.9345637177132959e+14 8.1980091591728861e-04 1.0245277392744570e+02
1.9354019168977469e+14 1.4243502004343811e-03 1.0264341209978392e+02
1.9362408427394884e+14 3.9889857119285487e-03 1.0440261223668873e+02
1.9370804961838681e+14 2.9096724888714558e-03 1.0726780913314528e+02
1.9379208781778741e+14 8.4168239829129573e-04 1.0678919449517844e+02
1.9387619896701388e+14 2.5561255201392952e-03 1.0857548913032275e+02
1.9396038316109422e+14 5.1263756276423798e-03 1.1113813504389576e+02
1.9404464049522156e+14 1.9041397140295041e-03 1.1367210156473759e+02
1.9412897106475447e+14 4.7617264889785799e-04 1.1268784600534417e+02
1.9421337496521741e+14 3.6570377188264693e-04 1.1064501559095781e+02
1.9429785229230100e+14 9.7047768197015285e-04 1.0996886630952253e+02
1.9438240314186250e+14 3.3576708918210728e-04 1.0843223352455786e+02
1.9446702760992600e+14 1.4293796916293898e-03 1.0554463383905797e+02
1.9455172579268294e+14 1.7280723615692895e-03 1.0711916675921570e+02
1.9463649778649238e+14 1.3850998640623478e-03 1.0717605101540063e+02
1.9472134368788144e+14 3.2295668128406682e-03 1.0904512267241032e+02
1.9480626359354556e+14 4.8337274155049589e-03 1.1144588580170003e+02
1.9489125760034903e+14 1.3659730433965172e-03 1.1281810978606092e+02
1.9497632580532519e+14 3.6163013380583774e-03 1.1418544356487160e+02
1.9506146830567684e+14 3.2087026537315744e-03 1.1556897074409294e+02
1.9514668519877675e+14 1.6244717014882767e-03 1.1689743854549404e+02
1.9523197658216784e+14 3.1289246609566821e-03 1.1824980980975666e+02
1.9531734255356362e+14 1.8081750038567179e-03 1.1934250565754594e+02
1.9540278321084866e+14 3.3493186547315285e-03 1.2008435772266671e+02
1.9548829865207878e+14 5.0631711985105257e-03 1.2265398275007203e+02
1.9557388897548162e+14 1.4001677910669924e-03 1.2432337839108304e+02
1.9565955427945684e+14 2.7674990386985466e-03 1.2497166031374945e+02
1.9574529466257669e+14 5.8676566296710824e-03 1.2651309147820606e+02
1.9583111022358616e+14 4.2026258742725343e-03 1.2831257579597050e+02
1.9591700106140350e+14 6.8194997813266559e-03 1.2939273292521170e+02
1.9600296727512066e+14 1.0691155636266993e-02 1.3127168146456449e+02
1.9608900896400350e+14 8.2691314014085183e-03 1.3319409677630793e+02
1.9617512622749231e+14 3.6527812209705347e-03 1.3464262840331187e+02
1.9626131916520209e+14 9.8420389472959023e-03 1.3537209572576126e+02
1.9634758787692306e+14 1.0486561315637881e-02 1.3742160749434623e+02
1.9643393246262094e+14 7.2363436374522014e-03 1.3906801889758677e+02
1.9652035302243731e+14 7.8834151366091038e-03 1.4031128786647153e+02
1.9660684965669012e+14 1.1209058261679056e-02 1.4163493028780195e+02
1.9669342246587406e+14 8.4234308565851543e-03 1.4419497635652945e+02
1.9678007155066078e+14 5.9532374908592501e-03 1.4398581688892497e+02
1.9686679701189950e+14 4.9487228849211659e-03 1.4610093095981952e+02
1.9695359895061728e+14 1.6208378664534309e-02 1.4752789928706179e+02
1.9704047746801941e+14 5.2725974031982425e-03 1.4960088157314195e+02
1.9712743266548984e+14 8.3904043940697445e-03 1.5079984506583187e+02
1.9721446464459162e+14 5.6028881668989229e-03 1.5153628301754372e+02
1.9730157350706712e+14 1.5074777858675691e-03 1.5457707155738069e+02
1.9738875935483872e+14 6.4649159150644408e-03 1.5489510946050987e+02
1.9747602229000884e+14 8.0589016704009728e-03 1.5563134702579293e+02
1.9756336241486069e+14 1.5420600265475037e-02 1.5737457640798198e+02
1.9765077983185841e+14 1.4766487264642148e-02 1.5990343585364533e+02
1.9773827464364762e+14 3.7474069490698605e-03 1.6061090094465678e+02
1.9782584695305581e+14 7.1532003920032833e-03 1.6136487268234808e+02
1.9791349686309259e+14 1.9274966892323889e-02 1.6369874666126256e+02
1.9800122447695034e+14 1.3894610527364655e-02 1.6535385615191834e+02
1.9808902989800444e+14 8.5361991977310116e-03 1.6603190724782183e+02
1.9817691322981366e+14 2.7752239306464015e-02 1.6813286141150709e+02
1.9826487457612072e+14 1.2045468885390249e-02 1.6999365806516900e+02
1.9835291404085256e+14 7.5556225613212218e-03 1.7169490178949985e+02
1.9844103172812084e+14 1.6170757236387698e-02 1.7241067918023771e+02
1.9852922774222222e+14 9.0818252265339374e-03 1.7376768766891678e+02
1.9861750218763894e+14 1.6188843071121114e-02 1.7584600112567796e+02
1.9870585516903916e+14 1.6915634455931309e-02 1.7738717376803180e+02
1.9879428679127725e+14 1.5742470883360192e-02 1.7913804019184144e+02
1.9888279715939447e+14 1.5957678913628270e-02 1.8023828063871420e+02
1.9897138637861916e+14 3.0368453511428826e-02 1.8236018444010855e+02
1.9906005455436719e+14 1.7508254317731644e-02 1.8221251729150447e+02
1.9914880179224253e+14 2.2858205014030301e-02 1.8472901971110264e+02
1.9923762819803747e+14 3.0899644055174601e-02 1.8657694718331149e+02
1.9932653387773316e+14 9.8076856267172909e-03 1.8970059221821177e+02
1.9941551893750000e+14 1.5863176154846108e-02 1.8854732101450196e+02
1.9950458348369806e+14 2.6424153092318891e-02 1.9100402010855635e+02
1.9959372762287756e+14 1.8416760643928196e-02 1.9378332500406734e+02
1.9968295146177916e+14 1.6481366766573698e-02 1.9306120773506851e+02
1.9977225510733453e+14 3.4261989766743835e-02 1.9526591106009178e+02
1.9986163866666666e+14 3.2876148747269900e-02 1.9749643445624557e+02
("port 2","mode 1",1,"port 3",1,"transmission")
(150, 3)
1.8737028625000000e+14 2.3098214902099092e-02 1.3516775084928474e+00
1.8744891415023081e+14 1.9599079036233372e-02 3.0192223157838312e+00
1.8752760806884972e+14 1.5086727053646458e-02 3.7046592525833608e+00
1.8760636808903822e+14 1.8966833171468862e-02 5.3219561266361408e+00
1.8768519429411766e+14 1.5667856496916713e-02 7.1142058276141658e+00
1.8776408676754941e+14 9.2033835510640857e-03 8.2177750640253233e+00
1.8784304559293525e+14 2.3473504369188464e-02 9.0913028730672316e+00
1.8792207085401769e+14 1.9797143370768946e-02 1.1084485373323528e+01
1.8800116263468016e+14 9.6030360235052174e-03 1.2617575169697368e+01
1.8808032101894738e+14 9.7605697427689559e-03 1.2892134351068258e+01
1.8815954609098569e+14 2.2773275716750373e-02 1.4872530521919128e+01
1.8823883793510325e+14 1.3069569666751756e-02 1.6851790328970445e+01
1.8831819663575044e+14 7.6466165727227565e-03 1.7534092185982310e+01
1.8839762227752003e+14 1.4654683489811540e-02 1.8972758452006801e+01
1.8847711494514769e+14 1.0331823108865231e-02 2.0783683064595600e+01
1.8855667472351203e+14 1.8527227550773359e-03 2.2317383004854481e+01
1.8863630169763516e+14 1.2121737386253705e-02 2.2493178788367587e+01
1.8871599595268272e+14 1.3278530487566656e-02 2.4810480886565980e+01
1.8879575757396450e+14 4.5447132729855054e-03 2.6646994217298044e+01
1.8887558664693447e+14 6.6189358299443678e-03 2.6362090669157052e+01
1.8895548325719122e+14 1.1580007585257275e-02 2.8505500356902182e+01
1.8903544749047822e+14 5.9279257690763778e-03 3.0575264724799045e+01
1.8911547943268419e+14 4.5218844878417326e-03 3.0224007077864819e+01
1.8919557916984328e+14 1.0676441797007904e-02 3.2476706058760413e+01
1.8927574678813559e+14 6.9551741023467497e-03 3.4812123276443664e+01
1.8935598237388725e+14 3.3519276445809509e-03 3.3900781688927253e+01
1.8943628601357084e+14 8.6069661161586736e-03 3.6472518760747562e+01
1.8951665779380569e+14 8.7623284333355096e-03 3.8577044146527001e+01
1.8959709780135825e+14 4.2721434327557973e-03 4.1588873110634559e+01
1.8967760612314225e+14 6.8382441605846812e-03 3.9780967522305602e+01
1.8975818284621922e+14 5.5859635784138969e-03 4.2407829078480098e+01
1.8983882805779856e+14 5.2941248064523414e-03 4.4577211294409146e+01
1.8991954184523809e+14 2.2364032720420752e-03 4.2389841120124139e+01
1.9000032429604425e+14 4.5147816910335358e-03 4.0261474498979112e+01
1.9008117549787234e+14 2.3328766507481986e-03 4.2161261956907595e+01
1.9016209553852703e+14 2.4404783165301101e-03 4.4304982549875746e+01
1.9024308450596253e+14 1.0117832913544491e-03 4.3247996276881544e+01
1.9032414248828291e+14 2.4195956272932717e-03 4.0512938436100256e+01
1.9040526957374253e+14 1.4994721432982799e-03 4.3131092728177705e+01
1.9048646585074628e+14 4.1811770340690317e-04 4.4472235177278520e+01
1.9056773140784984e+14 1.4972591053872130e-03 4.5669157218562553e+01
1.9064906633376016e+14 2.7905476410882263e-03 4.7806099973904551e+01
1.9073047071733562e+14 3.1651726780883090e-03 4.9996146633687175e+01
1.9081194464758650e+14 1.3573480366793880e-03 4.9392431369243070e+01
1.9089348821367522e+14 4.2850745780834611e-03 5.1794425899208925e+01
1.9097510150491662e+14 4.0341833321221460e-03 5.3847046638900231e+01
1.9105678461077844e+14 3.0704131996187448e-03 5.6165372607183926e+01
1.9113853762088147e+14 2.0593104032095222e-03 5.6168737436585438e+01
1.9122036062500000e+14 3.7867090676497596e-03 5.8192251827305697e+01
1.9130225371306209e+14 2.9856782680459208e-03 5.9129084156138596e+01
1.9138421697514997e+14 3.5430087082712410e-03 6.1584683315281140e+01
1.9146625050150022e+14 2.7380423431250427e-03 6.2725674346041473e+01
1.9154835438250428e+14 1.3632068751367776e-03 6.2829387759450292e+01
1.9163052870870872e+14 6.1260951355199978e-03 6.4997812438020901e+01
1.9171277357081547e+14 4.0105243751052061e-03 6.7066172554246535e+01
1.9179508905968228e+14 1.6280384922945962e-03 6.9228051857157467e+01
1.9187747526632303e+14 2.8256264862889231e-03 6.8936960265618538e+01
1.9195993228190803e+14 4.3802501224659224e-03 7.0962728837607855e+01
1.9204246019776441e+14 3.1495117356446591e-03 7.2875087152126241e+01
1.9212505910537634e+14 3.0669577160237021e-03 7.3602832417259634e+01
1.9220772909638553e+14 3.0803211093360025e-03 7.5313385278036208e+01
1.9229047026259147e+14 4.9015368500966126e-03 7.6970873245392767e+01
1.9237328269595178e+14 1.8706944493278570e-03 7.8326568427933310e+01
1.9245616648858250e+14 2.8781836091165813e-03 7.9477226887247937e+01
1.9253912173275862e+14 4.2704861961500133e-03 8.0815252081171295e+01
1.9262214852091419e+14 4.6028594154608879e-03 8.3178719885729805e+01
1.9270524694564281e+14 2.4665790681325768e-03 8.4231156720392576e+01
1.9278841709969788e+14 2.3465976884723123e-03 8.4975615227152772e+01
1.9287165907599309e+14 5.1318838580406310e-03 8.7018268961376791e+01
1.9295497296760259e+14 3.3954146500863687e-03 8.8421986179037759e+01
1.9303835886776147e+14 2.6100000755812391e-03 9.0227931302178433e+01
1.9312181686986597e+14 4.8955796354922428e-03 9.1237873774559873e+01
1.9320534706747406e+14 2.5193748141254914e-03 9.3545706351619913e+01
1.9328894955430550e+14 4.0614096601643904e-03 9.4592207256638417e+01
1.9337262442424244e+14 2.5024832564822796e-03 9.6388115093355907e+01
1.9345637177132959e+14 4.2172846024580773e-03 9.7215190260627480e+01
1.9354019168977469e+14 4.0520014653421758e-03 9.8806599178657848e+01
1.9362408427394884e+14 4.9735168718322642e-03 1.0071421827240891e+02
1.9370804961838681e+14 2.0350818059461794e-03 1.0177205000079404e+02
1.9379208781778741e+14 3.6559312808142185e-03 1.0339930510131947e+02
1.9387619896701388e+14 4.6342160177038089e-03 1.0485905727051384e+02
1.9396038316109422e+14 2.6151701240798974e-03 1.0682609124203415e+02
1.9404464049522156e+14 4.1291734513083222e-03 1.0767995265175985e+02
1.9412897106475447e+14 5.2617156808878220e-03 1.0925395211291865e+02
1.9421337496521741e+14 3.5304624853083276e-03 1.1087003322205967e+02
1.9429785229230100e+14 4.6741302658892137e-03 1.1216209933955156e+02
1.9438240314186250e+14 5.5173597682967599e-03 1.1364650742645165e+02
1.9446702760992600e+14 6.1316460364843652e-03 1.1543619584224452e+02
1.9455172579268294e+14 4.4181332744484599e-03 1.1661284825240692e+02
1.9463649778649238e+14 6.2106455704006632e-03 1.1810109990847396e+02
1.9472134368788144e+14 5.9713164030185534e-03 1.1956724952564419e+02
1.9480626359354556e+14 7.5122060548186405e-03 1.2128683972085535e+02
1.9489125760034903e+14 5.1866952854411046e-03 1.2259504954428654e+02
1.9497632580532519e+14 4.8370653793863520e-03 1.2373972889605948e+02
1.9506146830567684e+14 8.9343478511623615e-03 1.2540216361410542e+02
1.9514668519877675e+14 5.9776603887230608e-03 1.2755288141711844e+02
1.9523197658216784e+14 4.7889106082467355e-03 1.2828453012040154e+02
1.9531734255356362e+14 9.0052909252994386e-03 1.2964477537094410e+02
1.9540278321084866e+14 6.6332016406096305e-03 1.3144532334577909e+02
1.9548829865207878e+14 7.7388340567032029e-03 1.3271389474734841e+02
1.9557388897548162e+14 1.0662198737280153e-02 1.3408132735296425e+02
1.9565955427945684e+14 1.0199672228405400e-02 1.3588427261188818e+02
1.9574529466257669e+14 6.9949016460058968e-03 1.3714034969839602e+02
1.9583111022358616e+14 1.0531386288409121e-02 1.3842124015602778e+02
1.9591700106140350e+14 1.1912060336622151e-02 1.4012120401463494e+02
1.9600296727512066e+14 1.2495477331698202e-02 1.4165648656311171e+02
1.9608900896400350e+14 1.1807907650042890e-02 1.4307062190139385e+02
1.9617512622749231e+14 1.3285156923858288e-02 1.4485522863276864e+02
1.9626131916520209e+14 8.7769883044502821e-03 1.4589218865704805e+02
1.9634758787692306e+14 1.3933273713019778e-02 1.4736989483708419e+02
1.9643393246262094e+14 1.6644700173256879e-02 1.4906237073163624e+02
1.9652035302243731e+14 1.3850182502156203e-02 1.5090378441266452e+02
1.9660684965669012e+14 1.3520732839501459e-02 1.5163848549013380e+02
1.9669342246587406e+14 1.7308705886295767e-02 1.5380901877944314e+02
1.9678007155066078e+14 9.7019157309195247e-03 1.5517905070305900e+02
1.9686679701189950e+14 1.0111533124760647e-02 1.5583592046812942e+02
1.9695359895061728e+14 2.2971443020335509e-02 1.5749793208481168e+02
1.9704047746801941e+14 1.7129605318369712e-02 1.5969568681463352e+02
1.9712743266548984e+14 9.8103005479359007e-03 1.6105217930872865e+02
1.9721446464459162e+14 1.5741523226566533e-02 1.6203876507332780e+02
1.9730157350706712e+14 1.7538125377601313e-02 1.6436676115886695e+02
1.9738875935483872e+14 1.5210778250448559e-02 1.6526512676611293e+02
1.9747602229000884e+14 1.5478247962895186e-02 1.6658008805801933e+02
1.9756336241486069e+14 2.2461650703392191e-02 1.6818368448660323e+02
1.9765077983185841e+14 1.8260526746283576e-02 1.6988516569405712e+02
1.9773827464364762e+14 1.8186246614953921e-02 1.7148276259118481e+02
1.9782584695305581e+14 1.8854718386286738e-02 1.7321161781768035e+02
1.9791349686309259e+14 7.5935977331633960e-03 1.7424089943309934e+02
1.9800122447695034e+14 2.2310528619740241e-02 1.7566098361159635e+02
1.9808902989800444e+14 1.7771688687387422e-02 1.7767429239075929e+02
1.9817691322981366e+14 1.1683289576436794e-02 1.7909312152280887e+02
1.9826487457612072e+14 1.9391536463351618e-02 1.8009598118696596e+02
1.9835291404085256e+14 2.2216654064464537e-02 1.8212147425870884e+02
1.9844103172812084e+14 1.6900791969632862e-02 1.8390564434186385e+02
1.9852922774222222e+14 5.7486930942482230e-03 1.8404687824627737e+02
1.9861750218763894e+14 1.9658314850828806e-02 1.8629865771046963e+02
1.9870585516903916e+14 1.7675038710929254e-02 1.8803967170379178e+02
1.9879428679127725e+14 1.4852708316078636e-02 1.8913729333355877e+02
1.9888279715939447e+14 1.6742874874300418e-02 1.9098704209928195e+02
1.9897138637861916e+14 2.6163339802280736e-02 1.9243462968069386e+02
1.9906005455436719e+14 1.5409863360346186e-02 1.9201921876715247e+02
1.9914880179224253e+14 2.8129952362809268e-02 1.8903119557970595e+02
1.9923762819803747e+14 1.7041244391007078e-02 1.9013282349174452e+02
1.9932653387773316e+14 1.3460897690954080e-02 1.9250395041662378e+02
1.9941551893750000e+14 2.8653891766253412e-02 1.9329086498621757e+02
1.9950458348369806e+14 1.5335743715099763e-02 1.9534510815066167e+02
1.9959372762287756e+14 3.7176826807463766e-02 1.9695950628028632e+02
1.9968295146177916e+14 1.7755071038673079e-02 1.9826747874393195e+02
1.9977225510733453e+14 8.1553979835202860e-03 2.0020324759972016e+02
1.9986163866666666e+14 4.0318696230970077e-02 2.0083240361153435e+02
("port 3","mode 1",1,"port 1",1,"transmission")
(150, 3)
1.8737028625000000e+14 6.0781931866167571e-01 2.9563323752996116e+00
1.8744891415023081e+14 6.0277721801377859e-01 3.6821025543466299e+00
1.8752760806884972e+14 5.9799354117340686e-01 4.4005817165111303e+00
1.8760636808903822e+14 6.0773920334452880e-01 5.1055029013325708e+00
1.8768519429411766e+14 6.2562352609128702e-01 5.8477172621469018e+00
1.8776408676754941e+14 6.2394178380700194e-01 6.6163935585687632e+00
1.8784304559293525e+14 5.9504479323314297e-01 7.3310368163254580e+00
1.8792207085401769e+14 6.0922120995789675e-01 8.0327762019086748e+00
1.8800116263468016e+14 6.2479413007446793e-01 8.7737449019881506e+00
1.8808032101894738e+14 6.1996687094635972e-01 9.5410069107241107e+00
1.8815954609098569e+14 5.9680570929464660e-01 1.0245179850978246e+01
1.8823883793510325e+14 6.1076222112561906e-01 1.0953688420557562e+01
1.8831819663575044e+14 6.3574647095253667e-01 1.1695299715863326e+01
1.8839762227752003e+14 6.2922482728389795e-01 1.2474007671734787e+01
1.8847711494514769e+14 6.0838024187609552e-01 1.3197116517381238e+01
1.8855667472351203e+14 6.1162027718599621e-01 1.3900771336578851e+01
1.8863630169763516e+14 6.3299327157160856e-01 1.4642315970146850e+01
1.8871599595268272e+14 6.2553843639284679e-01 1.5407563346717463e+01
1.8879575757396450e+14 6.1666297573964890e-01 1.6133313625391743e+01
1.8887558664693447e+14 6.2439630364623511e-01 1.6846872551482608e+01
1.8895548325719122e+14 6.3664877443260337e-01 1.7605845695873697e+01
1.8903544749047822e+14 6.2923478362118668e-01 1.8357688514183906e+01
1.8911547943268419e+14 6.1834472075799995e-01 1.9091221117183508e+01
1.8919557916984328e+14 6.3026426348358955e-01 1.9812628316635870e+01
1.8927574678813559e+14 6.3183739007433060e-01 2.0572130774280879e+01
1.8935598237388725e+14 6.2743584152753840e-01 2.1311459850445786e+01
1.8943628601357084e+14 6.2579298240658554e-01 2.2042492303204106e+01
1.8951665779380569e+14 6.4122107809627360e-01 2.2786060070947542e+01
1.8959709780135825e+14 6.3736491257767902e-01 2.3544529654482943e+01
1.8967760612314225e+14 6.2944759454666432e-01 2.4298702701462247e+01
1.8975818284621922e+14 6.2570950635530742e-01 2.5008967985936088e+01
1.8983882805779856e+14 6.4673000931682023e-01 2.5760934414903435e+01
1.8991954184523809e+14 6.4535667402811292e-01 2.6526878741460280e+01
1.9000032429604425e+14 6.3051405731232069e-01 2.7276411784523702e+01
1.9008117549787234e+14 6.3208226985506255e-01 2.7997674068950939e+01
1.9016209553852703e+14 6.5111487768652976e-01 2.8745953399438211e+01
1.9024308450596253e+14 6.5570223723406196e-01 2.9526033537545736e+01
1.9032414248828291e+14 6.3349334018190928e-01 3.0276990533815077e+01
1.9040526957374253e+14 6.3378987085479344e-01 3.0991924525922755e+01
1.9048646585074628e+14 6.5597723533097685e-01 3.1742903212218192e+01
1.9056773140784984e+14 6.5737113630042021e-01 3.2524667535778789e+01
1.9064906633376016e+14 6.4501864208215520e-01 3.3285219522609935e+01
1.9073047071733562e+14 6.3393953185564544e-01 3.4003154174340800e+01
1.9081194464758650e+14 6.6219034768191043e-01 3.4756956062180684e+01
1.9089348821367522e+14 6.5874385161376636e-01 3.5534508294901265e+01
1.9097510150491662e+14 6.5117601993055252e-01 3.6300480709823759e+01
1.9105678461077844e+14 6.3900970351588149e-01 3.7015620862299571e+01
1.9113853762088147e+14 6.6543746880455690e-01 3.7784145469787433e+01
1.9122036062500000e+14 6.6329171795851360e-01 3.8554861283539637e+01
1.9130225371306209e+14 6.5472314329521031e-01 3.9328645609593828e+01
1.9138421697514997e+14 6.5199206982724300e-01 4.0043312135682598e+01
1.9146625050150022e+14 6.6872733687797670e-01 4.0821297050786761e+01
1.9154835438250428e+14 6.6651454139927346e-01 4.1588161872857384e+01
1.9163052870870872e+14 6.5514748156801150e-01 4.2360919981099947e+01
1.9171277357081547e+14 6.6603992875126350e-01 4.3093022099896828e+01
1.9179508905968228e+14 6.7219435754195356e-01 4.3870481649351760e+01
1.9187747526632303e+14 6.7080099084087808e-01 4.4637054989538292e+01
1.9195993228190803e+14 6.5977868781187310e-01 4.5398156957765842e+01
1.9204246019776441e+14 6.7463369124511274e-01 4.6153047615856664e+01
1.9212505910537634e+14 6.7738935250321086e-01 4.6928432357118822e+01
1.9220772909638553e+14 6.7398585463311367e-01 4.7702207122998331e+01
1.9229047026259147e+14 6.7006152231500204e-01 4.8456245184085141e+01
1.9237328269595178e+14 6.7900153293706444e-01 4.9223526624437177e+01
1.9245616648858250e+14 6.8388627996012563e-01 5.0000053484530895e+01
1.9253912173275862e+14 6.7332303665282578e-01 5.0777590513048509e+01
1.9262214852091419e+14 6.7357769866169204e-01 5.1535433525074261e+01
1.9270524694564281e+14 6.8199441464598354e-01 5.2300889604809825e+01
1.9278841709969788e+14 6.8982782834322842e-01 5.3084715706608051e+01
1.9287165907599309e+14 6.7647228240330359e-01 5.3866003261176722e+01
1.9295497296760259e+14 6.7266064354283261e-01 5.4620308444537130e+01
1.9303835886776147e+14 6.8165347906110318e-01 5.5388828609365625e+01
1.9312181686986597e+14 6.8931859177201094e-01 5.6178878019226367e+01
1.9320534706747406e+14 6.7474047400158654e-01 5.6958120610104018e+01
1.9328894955430550e+14 6.7627083642678987e-01 5.7716990017715581e+01
1.9337262442424244e+14 6.8612720158273011e-01 5.8487692062641045e+01
1.9345637177132959e+14 6.8626920192030028e-01 5.9287069683123647e+01
1.9354019168977469e+14 6.7553086247797589e-01 6.0056697486233141e+01
1.9362408427394884e+14 6.7856669458707197e-01 6.0822253240851317e+01
1.9370804961838681e+14 6.9083500286644839e-01 6.1608846594939287e+01
1.9379208781778741e+14 6.8364450585633851e-01 6.2398049665794439e+01
1.9387619896701388e+14 6.7959498468849633e-01 6.3169204197384076e+01
1.9396038316109422e+14 6.8791074987864709e-01 6.3948061011545981e+01
1.9404464049522156e+14 6.8756986772626316e-01 6.4743901237290018e+01
1.9412897106475447e+14 6.7881113230691326e-01 6.5527047159708289e+01
1.9421337496521741e+14 6.8144134904589693e-01 6.6296799780131138e+01
1.9429785229230100e+14 6.8759946612069389e-01 6.7087935399694118e+01
1.9438240314186250e+14 6.8339131639586803e-01 6.7883118463217883e+01
1.9446702760992600e+14 6.7533700079772607e-01 6.8660760988199200e+01
1.9455172579268294e+14 6.8136025758618546e-01 6.9446528637486836e+01
1.9463649778649238e+14 6.8147756119245528e-01 7.0240148834448789e+01
1.9472134368788144e+14 6.7379123738357383e-01 7.1034102834917377e+01
1.9480626359354556e+14 6.7425956486199035e-01 7.1806992597598338e+01
1.9489125760034903e+14 6.7801490933151476e-01 7.2601325521092178e+01
1.9497632580532519e+14 6.7313567900927007e-01 7.3397097318204970e+01
1.9506146830567684e+14 6.6519456684264822e-01 7.4186562104743473e+01
1.9514668519877675e+14 6.7212335339086160e-01 7.4966335990457466e+01
1.9523197658216784e+14 6.7095509429707856e-01 7.5775793687568992e+01
1.9531734255356362e+14 6.6402682668981472e-01 7.6566493091523995e+01
1.9540278321084866e+14 6.5872900121364830e-01 7.7352503112477052e+01
1.9548829865207878e+14 6.6511088064745849e-01 7.8143735810572068e+01
1.9557388897548162e+14 6.6022811620866750e-01 7.8945094193794020e+01
1.9565955427945684e+14 6.5828879364774529e-01 7.9739013963726222e+01
1.9574529466257669e+14 6.5522673835592338e-01 8.0536489598678983e+01
1.9583111022358616e+14 6.5294510766820113e-01 8.1339915669745864e+01
1.9591700106140350e+14 6.4370170603223864e-01 8.2132800716894266e+01
1.9600296727512066e+14 6.4382879586560826e-01 8.2921806744318786e+01
1.9608900896400350e+14 6.4425781535353888e-01 8.3720159320992209e+01
1.9617512622749231e+14 6.4475804269287662e-01 8.4527118547715531e+01
1.9626131916520209e+14 6.3483403933971017e-01 8.5334714266625198e+01
1.9634758787692306e+14 6.3127686459772225e-01 8.6122392065263298e+01
1.9643393246262094e+14 6.3234236411496025e-01 8.6928900065901701e+01
1.9652035302243731e+14 6.2600640237081639e-01 8.7733331666411146e+01
1.9660684965669012e+14 6.1804106808578296e-01 8.8536220055777832e+01
1.9669342246587406e+14 6.2573118214123657e-01 8.9320536469974499e+01
1.9678007155066078e+14 6.2009707956456683e-01 9.0147108679186715e+01
1.9686679701189950e+14 6.0953226664251114e-01 9.0937367248286549e+01
1.9695359895061728e+14 6.0699383237480431e-01 9.1761705921726175e+01
1.9704047746801941e+14 6.0870413521819988e-01 9.2541375352606281e+01
1.9712743266548984e+14 6.0276173876462358e-01 9.3365777637704682e+01
1.9721446464459162e+14 5.9786232658388438e-01 9.4161853490877363e+01
1.9730157350706712e+14 5.8677943689772893e-01 9.4988377408342032e+01
1.9738875935483872e+14 6.0100420687030875e-01 9.5774849615980813e+01
1.9747602229000884e+14 5.8717255741973229e-01 9.6594167902276197e+01
1.9756336241486069e+14 5.7704545805428686e-01 9.7403725057475725e+01
1.9765077983185841e+14 5.8137494274080204e-01 9.8192181420221502e+01
1.9773827464364762e+14 5.7743076275844496e-01 9.9019002296887606e+01
1.9782584695305581e+14 5.6507447211927764e-01 9.9854501983845722e+01
1.9791349686309259e+14 5.5136971009144498e-01 1.0060780040287710e+02
1.9800122447695034e+14 5.7075894052668441e-01 1.0144721115163992e+02
1.9808902989800444e+14 5.6807945174855234e-01 1.0226339639025944e+02
1.9817691322981366e+14 5.3575014741140481e-01 1.0311248241270114e+02
1.9826487457612072e+14 5.4020758189580553e-01 1.0386919911097782e+02
1.9835291404085256e+14 5.3911069572121939e-01 1.0468130804023573e+02
1.9844103172812084e+14 5.4691331270553090e-01 1.0553269818524497e+02
1.9852922774222222e+14 5.2849491673449933e-01 1.0631612124091993e+02
1.9861750218763894e+14 5.2539008241374707e-01 1.0714465613974765e+02
1.9870585516903916e+14 5.3822559426199845e-01 1.0795891455618097e+02
1.9879428679127725e+14 5.0213938310585993e-01 1.0878142462030219e+02
1.9888279715939447e+14 5.0625453652239616e-01 1.0957080866973611e+02
1.9897138637861916e+14 5.1504023542991417e-01 1.1036829131818168e+02
1.9906005455436719e+14 5.2437123662298568e-01 1.1128090533439094e+02
1.9914880179224253e+14 4.9236763634478820e-01 1.1205195576286062e+02
1.9923762819803747e+14 4.8849800991792663e-01 1.1282128454534188e+02
1.9932653387773316e+14 5.0857046531651562e-01 1.1367657013314901e+02
1.9941551893750000e+14 4.8335466759877849e-01 1.1449669749449035e+02
1.9950458348369806e+14 4.7207344938019907e-01 1.1530478102952800e+02
1.9959372762287756e+14 4.9365689787008271e-01 1.1610389502403120e+02
1.9968295146177916e+14 4.8405017052887161e-01 1.1699009867952431e+02
1.9977225510733453e+14 4.6475622919711546e-01 1.1778162156073348e+02
1.9986163866666666e+14 4.6236968807474960e-01 1.1853867685981244e+02
("port 3","mode 1",1,"port 2",1,"transmission")
(150, 3)
1.8737028625000000e+14 2.3098214980618596e-02 1.3516775152008775e+00
1.8744891415023081e+14 1.9599079154936815e-02 3.0192223159941305e+00
1.8752760806884972e+14 1.5086727201634158e-02 3.7046592704233361e+00
1.8760636808903822e+14 1.8966833152083026e-02 5.3219561377654880e+00
1.8768519429411766e+14 1.5667856536009963e-02 7.1142058303656901e+00
1.8776408676754941e+14 9.2033837703185666e-03 8.2177750681015134e+00
1.8784304559293525e+14 2.3473504270940571e-02 9.0913028852577362e+00
1.8792207085401769e+14 1.9797143374654085e-02 1.1084485375119257e+01
1.8800116263468016e+14 9.6030361551254616e-03 1.2617575165918907e+01
1.8808032101894738e+14 9.7605697124505484e-03 1.2892134380668397e+01
1.8815954609098569e+14 2.2773275642576227e-02 1.4872530525564471e+01
1.8823883793510325e+14 1.3069569826355524e-02 1.6851790328921147e+01
1.8831819663575044e+14 7.6466167208088425e-03 1.7534092212179093e+01
1.8839762227752003e+14 1.4654683489756572e-02 1.8972758469146012e+01
1.8847711494514769e+14 1.0331823269768114e-02 2.0783683078973223e+01
1.8855667472351203e+14 1.8527229249134644e-03 2.2317383137721741e+01
1.8863630169763516e+14 1.2121737111689733e-02 2.2493178804376349e+01
1.8871599595268272e+14 1.3278530404260216e-02 2.4810480900711671e+01
1.8879575757396450e+14 4.5447134272129644e-03 2.6646994264213003e+01
1.8887558664693447e+14 6.6189355137320025e-03 2.6362090666861889e+01
1.8895548325719122e+14 1.1580007315554846e-02 2.8505500363175056e+01
1.8903544749047822e+14 5.9279256686899564e-03 3.0575264757094462e+01
1.8911547943268419e+14 4.5218842881241360e-03 3.0224007021964947e+01
1.8919557916984328e+14 1.0676441545403261e-02 3.2476706045315069e+01
1.8927574678813559e+14 6.9551739309049784e-03 3.4812123282377634e+01
1.8935598237388725e+14 3.3519277023291248e-03 3.3900781636759405e+01
1.8943628601357084e+14 8.6069659931890096e-03 3.6472518736668107e+01
1.8951665779380569e+14 8.7623283245834085e-03 3.8577044134500689e+01
1.8959709780135825e+14 4.2721433989097524e-03 4.1588873139730254e+01
1.8967760612314225e+14 6.8382443121363344e-03 3.9780967506207617e+01
1.8975818284621922e+14 5.5859636032438232e-03 4.2407829064365757e+01
1.8983882805779856e+14 5.2941247515786785e-03 4.4577211295831177e+01
1.8991954184523809e+14 2.2364033953309031e-03 4.2389841163196536e+01
1.9000032429604425e+14 4.5147817521166127e-03 4.0261474484399812e+01
1.9008117549787234e+14 2.3328766229412435e-03 4.2161261968112846e+01
1.9016209553852703e+14 2.4404782200753978e-03 4.4304982586309123e+01
1.9024308450596253e+14 1.0117833990179739e-03 4.3247996226765821e+01
1.9032414248828291e+14 2.4195955876081328e-03 4.0512938439816615e+01
1.9040526957374253e+14 1.4994721302549433e-03 4.3131092837230504e+01
1.9048646585074628e+14 4.1811755878153192e-04 4.4472235398129115e+01
1.9056773140784984e+14 1.4972590252269895e-03 4.5669157227508748e+01
1.9064906633376016e+14 2.7905477089652767e-03 4.7806100016308505e+01
1.9073047071733562e+14 3.1651727585608339e-03 4.9996146722871174e+01
1.9081194464758650e+14 1.3573479377846406e-03 4.9392431275788255e+01
1.9089348821367522e+14 4.2850745696646469e-03 5.1794425911695463e+01
1.9097510150491662e+14 4.0341833370061714e-03 5.3847046713340667e+01
1.9105678461077844e+14 3.0704131905217097e-03 5.6165372689954474e+01
1.9113853762088147e+14 2.0593103029447660e-03 5.6168737434634252e+01
1.9122036062500000e+14 3.7867090862017103e-03 5.8192251893092802e+01
1.9130225371306209e+14 2.9856779699307555e-03 5.9129084170520755e+01
1.9138421697514997e+14 3.5430085634304206e-03 6.1584683341893211e+01
1.9146625050150022e+14 2.7380422824084261e-03 6.2725674401863920e+01
1.9154835438250428e+14 1.3632066694721670e-03 6.2829387532084674e+01
1.9163052870870872e+14 6.1260949260239159e-03 6.4997812418502292e+01
1.9171277357081547e+14 4.0105242931811049e-03 6.7066172565239711e+01
1.9179508905968228e+14 1.6280383115605600e-03 6.9228052045391493e+01
1.9187747526632303e+14 2.8256266321977359e-03 6.8936960183850658e+01
1.9195993228190803e+14 4.3802501515368087e-03 7.0962728811016575e+01
1.9204246019776441e+14 3.1495115943864010e-03 7.2875087160999811e+01
1.9212505910537634e+14 3.0669577934623834e-03 7.3602832332165306e+01
1.9220772909638553e+14 3.0803212796180384e-03 7.5313385260677279e+01
1.9229047026259147e+14 4.9015368780719630e-03 7.6970873255820109e+01
1.9237328269595178e+14 1.8706944612766516e-03 7.8326568379217022e+01
1.9245616648858250e+14 2.8781837341017805e-03 7.9477226892936713e+01
1.9253912173275862e+14 4.2704862271505687e-03 8.0815252109440976e+01
1.9262214852091419e+14 4.6028595093587400e-03 8.3178719899414119e+01
1.9270524694564281e+14 2.4665790928342698e-03 8.4231156736567769e+01
1.9278841709969788e+14 2.3465976575102101e-03 8.4975615243148766e+01
1.9287165907599309e+14 5.1318839967301431e-03 8.7018268970978227e+01
1.9295497296760259e+14 3.3954145845678067e-03 8.8421986201293109e+01
1.9303835886776147e+14 2.6100000827745601e-03 9.0227931315178026e+01
1.9312181686986597e+14 4.8955797300477165e-03 9.1237873787701346e+01
1.9320534706747406e+14 2.5193748890574219e-03 9.3545706435664897e+01
1.9328894955430550e+14 4.0614096968286167e-03 9.4592207269068695e+01
1.9337262442424244e+14 2.5024834116234296e-03 9.6388115121707472e+01
1.9345637177132959e+14 4.2172845508391364e-03 9.7215190320536379e+01
1.9354019168977469e+14 4.0520014275664783e-03 9.8806599211078662e+01
1.9362408427394884e+14 4.9735169687000263e-03 1.0071421831727181e+02
1.9370804961838681e+14 2.0350816472412222e-03 1.0177205011605955e+02
1.9379208781778741e+14 3.6559311712899456e-03 1.0339930514498204e+02
1.9387619896701388e+14 4.6342159131521395e-03 1.0485905732410276e+02
1.9396038316109422e+14 2.6151699431111522e-03 1.0682609135656338e+02
1.9404464049522156e+14 4.1291732482227582e-03 1.0767995265636300e+02
1.9412897106475447e+14 5.2617154887843924e-03 1.0925395213159021e+02
1.9421337496521741e+14 3.5304622385632614e-03 1.1087003324036232e+02
1.9429785229230100e+14 4.6741300701334055e-03 1.1216209931850831e+02
1.9438240314186250e+14 5.5173596225461270e-03 1.1364650741961920e+02
1.9446702760992600e+14 6.1316458404473487e-03 1.1543619583023666e+02
1.9455172579268294e+14 4.4181332263608505e-03 1.1661284822667180e+02
1.9463649778649238e+14 6.2106455708995671e-03 1.1810109990527982e+02
1.9472134368788144e+14 5.9713163348615742e-03 1.1956724951274838e+02
1.9480626359354556e+14 7.5122061238927923e-03 1.2128683971545031e+02
1.9489125760034903e+14 5.1866953505334780e-03 1.2259504955497283e+02
1.9497632580532519e+14 4.8370652970008325e-03 1.2373972890671443e+02
1.9506146830567684e+14 8.9343479041640358e-03 1.2540216361451105e+02
1.9514668519877675e+14 5.9776603914791912e-03 1.2755288143697994e+02
1.9523197658216784e+14 4.7889104943832014e-03 1.2828453013627592e+02
1.9531734255356362e+14 9.0052908664157872e-03 1.2964477537224315e+02
1.9540278321084866e+14 6.6332015334305038e-03 1.3144532335950160e+02
1.9548829865207878e+14 7.7388339822937894e-03 1.3271389474359256e+02
1.9557388897548162e+14 1.0662198696774193e-02 1.3408132734803678e+02
1.9565955427945684e+14 1.0199672170650820e-02 1.3588427260762614e+02
1.9574529466257669e+14 6.9949016088766908e-03 1.3714034969526634e+02
1.9583111022358616e+14 1.0531386293335885e-02 1.3842124015031993e+02
1.9591700106140350e+14 1.1912060386261110e-02 1.4012120401014826e+02
1.9600296727512066e+14 1.2495477384924212e-02 1.4165648656954062e+02
1.9608900896400350e+14 1.1807907656033113e-02 1.4307062190439413e+02
1.9617512622749231e+14 1.3285157008426418e-02 1.4485522863519316e+02
1.9626131916520209e+14 8.7769882933880390e-03 1.4589218867522425e+02
1.9634758787692306e+14 1.3933273604954862e-02 1.4736989484197809e+02
1.9643393246262094e+14 1.6644700161932233e-02 1.4906237073726658e+02
1.9652035302243731e+14 1.3850182508390161e-02 1.5090378442649961e+02
1.9660684965669012e+14 1.3520732641116468e-02 1.5163848548696927e+02
1.9669342246587406e+14 1.7308705877048147e-02 1.5380901878242477e+02
1.9678007155066078e+14 9.7019155701147958e-03 1.5517905072121150e+02
1.9686679701189950e+14 1.0111533032660760e-02 1.5583592045050773e+02
1.9695359895061728e+14 2.2971442956199632e-02 1.5749793207960988e+02
1.9704047746801941e+14 1.7129605242709661e-02 1.5969568681820789e+02
1.9712743266548984e+14 9.8103004272567847e-03 1.6105217930177969e+02
1.9721446464459162e+14 1.5741523214951626e-02 1.6203876507203645e+02
1.9730157350706712e+14 1.7538125411601373e-02 1.6436676117139885e+02
1.9738875935483872e+14 1.5210778305065465e-02 1.6526512675555679e+02
1.9747602229000884e+14 1.5478247879808301e-02 1.6658008806250746e+02
1.9756336241486069e+14 2.2461650699434427e-02 1.6818368448344435e+02
1.9765077983185841e+14 1.8260526964127808e-02 1.6988516569312239e+02
1.9773827464364762e+14 1.8186246611737900e-02 1.7148276260772619e+02
1.9782584695305581e+14 1.8854718304861708e-02 1.7321161782111628e+02
1.9791349686309259e+14 7.5935977460412597e-03 1.7424089944905697e+02
1.9800122447695034e+14 2.2310528401535686e-02 1.7566098362179736e+02
1.9808902989800444e+14 1.7771688622091039e-02 1.7767429240327382e+02
1.9817691322981366e+14 1.1683289350070283e-02 1.7909312154491036e+02
1.9826487457612072e+14 1.9391535984318291e-02 1.8009598119666049e+02
1.9835291404085256e+14 2.2216653606847041e-02 1.8212147426815199e+02
1.9844103172812084e+14 1.6900791411749154e-02 1.8390564436461887e+02
1.9852922774222222e+14 5.7486930063659555e-03 1.8404687812297701e+02
1.9861750218763894e+14 1.9658314197231148e-02 1.8629865769580474e+02
1.9870585516903916e+14 1.7675038151516310e-02 1.8803967168192642e+02
1.9879428679127725e+14 1.4852708271748231e-02 1.8913729328626414e+02
1.9888279715939447e+14 1.6742874754342860e-02 1.9098704206196268e+02
1.9897138637861916e+14 2.6163339672891164e-02 1.9243462964940795e+02
1.9906005455436719e+14 1.5409863466205428e-02 1.9201921880270015e+02
1.9914880179224253e+14 2.8129952844182130e-02 1.8903119557147087e+02
1.9923762819803747e+14 1.7041244815388313e-02 1.9013282348932424e+02
1.9932653387773316e+14 1.3460898312283431e-02 1.9250395040689801e+02
1.9941551893750000e+14 2.8653892104666893e-02 1.9329086499565258e+02
1.9950458348369806e+14 1.5335744137807913e-02 1.9534510816497337e+02
1.9959372762287756e+14 3.7176826865667013e-02 1.9695950628859438e+02
1.9968295146177916e+14 1.7755071014162908e-02 1.9826747875726434e+02
1.9977225510733453e+14 8.1553982897305932e-03 2.0020324761371438e+02
1.9986163866666666e+14 4.0318695698353911e-02 2.0083240361688618e+02
("port 3","mode 1",1,"port 3",1,"transmission")
(150, 3)
1.8737028625000000e+14 1.8961715627294529e-02 2.3030156042933565e+00
1.8744891415023081e+14 1.7068766693913273e-02 4.0116894732796720e+00
1.8752760806884972e+14 5.2616401487512714e-03 5.1708361943999241e+00
1.8760636808903822e+14 1.2756543532567919e-02 5.9671822144545796e+00
1.8768519429411766e+14 1.4993814097663620e-02 7.7346613142594336e+00
1.8776408676754941e+14 1.2683350259562262e-02 9.3278206980340439e+00
1.8784304559293525e+14 1.2331550099534148e-02 1.0120803111063974e+01
1.8792207085401769e+14 1.8084120189665986e-02 1.1621225902675931e+01
1.8800116263468016e+14 1.4145131051549244e-02 1.3278205326158183e+01
1.8808032101894738e+14 9.6271343626697769e-03 1.4397522776452764e+01
1.8815954609098569e+14 1.6036384506881558e-02 1.6029090374875672e+01
1.8823883793510325e+14 1.5928131451869647e-02 1.7510153980763665e+01
1.8831819663575044e+14 1.0750120806228641e-02 1.8951736404834275e+01
1.8839762227752003e+14 1.1507521052467856e-02 1.9713304769524466e+01
1.8847711494514769e+14 1.4038027447075623e-02 2.1415809163659215e+01
1.8855667472351203e+14 1.1823378913344177e-02 2.3236461901237487e+01
1.8863630169763516e+14 7.2824816005665040e-03 2.4393528638123481e+01
1.8871599595268272e+14 1.1500272764071602e-02 2.5779918666044516e+01
1.8879575757396450e+14 1.1375359550620452e-02 2.7237989257080553e+01
1.8887558664693447e+14 3.9886286049611135e-03 2.9063528699594656e+01
1.8895548325719122e+14 7.5323667644615370e-03 2.9416317631787052e+01
1.8903544749047822e+14 8.7532227381888466e-03 3.1447055054757570e+01
1.8911547943268419e+14 5.9486238363703082e-03 3.3367076712726558e+01
1.8919557916984328e+14 4.4895656553504207e-03 3.2905798235648469e+01
1.8927574678813559e+14 8.5732920202178896e-03 3.5171971631172454e+01
1.8935598237388725e+14 5.3307954543911637e-03 3.7283436829368249e+01
1.8943628601357084e+14 3.1677882959937676e-03 3.6609926064991647e+01
1.8951665779380569e+14 8.3945064802707272e-03 3.8824358039758579e+01
1.8959709780135825e+14 7.1880853944378152e-03 4.1107219059864853e+01
1.8967760612314225e+14 2.9722318643226565e-03 4.1843588838718446e+01
1.8975818284621922e+14 5.0463033169591042e-03 4.2796658327097994e+01
1.8983882805779856e+14 9.2429064373064918e-03 4.4824432950980821e+01
1.8991954184523809e+14 6.3345591929195866e-03 4.7049629955775266e+01
1.9000032429604425e+14 1.7353957718077605e-03 4.9004611345680679e+01
1.9008117549787234e+14 5.5224199071505688e-03 4.8343715820592401e+01
1.9016209553852703e+14 8.7276865079207941e-03 5.0663691348091490e+01
1.9024308450596253e+14 6.0638338876426523e-03 5.2805834310799419e+01
1.9032414248828291e+14 1.8252163637446483e-03 5.4833194909144105e+01
1.9040526957374253e+14 4.6778777941043227e-03 5.4539664883846910e+01
1.9048646585074628e+14 5.2886502851797251e-03 5.6817983152858631e+01
1.9056773140784984e+14 3.4005347161128671e-03 5.8776869770672853e+01
1.9064906633376016e+14 8.6426829301199494e-04 5.9214549666532349e+01
1.9073047071733562e+14 5.6600728331005186e-03 6.0935003327169674e+01
1.9081194464758650e+14 4.7158688408064572e-03 6.2996965176482320e+01
1.9089348821367522e+14 3.1641210316381073e-03 6.4890748978687967e+01
1.9097510150491662e+14 1.0485413804464611e-03 6.5538841815232047e+01
1.9105678461077844e+14 2.3428981611500143e-03 6.7097712507750998e+01
1.9113853762088147e+14 3.0047567701683917e-03 6.8866634104659738e+01
1.9122036062500000e+14 1.9541867747936148e-03 7.1048621116096925e+01
1.9130225371306209e+14 2.9738039060611138e-03 7.0933657456921381e+01
1.9138421697514997e+14 2.4478130504345394e-03 7.3615295858302090e+01
1.9146625050150022e+14 2.4942213078670973e-03 7.5109037423915396e+01
1.9154835438250428e+14 9.3068789296446336e-04 7.6383467640196912e+01
1.9163052870870872e+14 3.1267801489813724e-03 7.7574482444687177e+01
1.9171277357081547e+14 2.2438723017371254e-03 7.8773506293220365e+01
1.9179508905968228e+14 1.4951915801630087e-03 8.0266454165202816e+01
1.9187747526632303e+14 2.9328576791114854e-03 8.1880397071925088e+01
1.9195993228190803e+14 2.7208599743725099e-04 8.1901789904517898e+01
1.9204246019776441e+14 2.5039606463985761e-03 8.4693738895371695e+01
1.9212505910537634e+14 2.6793431627265638e-03 8.5659724323321655e+01
1.9220772909638553e+14 2.4443809166553700e-03 8.7904817481468569e+01
1.9229047026259147e+14 3.3485479344417032e-03 8.8688664117106995e+01
1.9237328269595178e+14 1.9744778516591305e-03 9.0482650198548640e+01
1.9245616648858250e+14 2.7455313303484732e-03 9.1916710454326136e+01
1.9253912173275862e+14 3.0072172697890634e-03 9.2800067360199549e+01
1.9262214852091419e+14 3.3691415653513885e-03 9.5712136478115127e+01
1.9270524694564281e+14 1.7320341218472835e-03 9.6384264104191189e+01
1.9278841709969788e+14 1.0442119768519615e-03 9.8175924310617020e+01
1.9287165907599309e+14 3.5072569245579725e-03 9.9311851277336260e+01
1.9295497296760259e+14 1.5252688329782239e-03 9.9769263299382686e+01
1.9303835886776147e+14 1.6814131124959879e-03 1.0183490429960916e+02
1.9312181686986597e+14 1.1597327563712474e-03 1.0247875840123557e+02
1.9320534706747406e+14 1.4356593496439145e-03 1.0136285517106433e+02
1.9328894955430550e+14 1.3226170929920881e-03 9.8665185763173838e+01
1.9337262442424244e+14 2.7667476717172013e-03 1.0057229011185801e+02
1.9345637177132959e+14 8.1980091520590366e-04 1.0245277389574893e+02
1.9354019168977469e+14 1.4243502203134335e-03 1.0264341209182102e+02
1.9362408427394884e+14 3.9889856997936688e-03 1.0440261222005242e+02
1.9370804961838681e+14 2.9096725107998428e-03 1.0726780909976678e+02
1.9379208781778741e+14 8.4168241561297075e-04 1.0678919446748084e+02
1.9387619896701388e+14 2.5561255493314308e-03 1.0857548910913810e+02
1.9396038316109422e+14 5.1263756763501650e-03 1.1113813501587829e+02
1.9404464049522156e+14 1.9041397104374344e-03 1.1367210156110602e+02
1.9412897106475447e+14 4.7617269865363182e-04 1.1268784596149472e+02
1.9421337496521741e+14 3.6570371303616607e-04 1.1064501541418758e+02
1.9429785229230100e+14 9.7047769624506949e-04 1.0996886633512314e+02
1.9438240314186250e+14 3.3576704294744096e-04 1.0843223361891668e+02
1.9446702760992600e+14 1.4293797010660214e-03 1.0554463387500498e+02
1.9455172579268294e+14 1.7280723319424514e-03 1.0711916674282291e+02
1.9463649778649238e+14 1.3850998706113056e-03 1.0717605105461317e+02
1.9472134368788144e+14 3.2295667646128098e-03 1.0904512268188179e+02
1.9480626359354556e+14 4.8337274021714753e-03 1.1144588578435253e+02
1.9489125760034903e+14 1.3659730781275400e-03 1.1281810977349157e+02
1.9497632580532519e+14 3.6163013520057741e-03 1.1418544355887170e+02
1.9506146830567684e+14 3.2087026634622096e-03 1.1556897074606955e+02
1.9514668519877675e+14 1.6244716862628243e-03 1.1689743855638329e+02
1.9523197658216784e+14 3.1289246700025933e-03 1.1824980981708957e+02
1.9531734255356362e+14 1.8081749865486482e-03 1.1934250566267499e+02
1.9540278321084866e+14 3.3493186167661971e-03 1.2008435770485708e+02
1.9548829865207878e+14 5.0631712038858674e-03 1.2265398274173913e+02
1.9557388897548162e+14 1.4001677391969876e-03 1.2432337839426530e+02
1.9565955427945684e+14 2.7674989816480837e-03 1.2497166028462604e+02
1.9574529466257669e+14 5.8676566822842462e-03 1.2651309145381036e+02
1.9583111022358616e+14 4.2026258829743193e-03 1.2831257577793323e+02
1.9591700106140350e+14 6.8194998505652586e-03 1.2939273291028826e+02
1.9600296727512066e+14 1.0691155727857730e-02 1.3127168144484949e+02
1.9608900896400350e+14 8.2691314558761050e-03 1.3319409675646799e+02
1.9617512622749231e+14 3.6527813063119510e-03 1.3464262835821978e+02
1.9626131916520209e+14 9.8420391293397112e-03 1.3537209571429008e+02
1.9634758787692306e+14 1.0486561463691287e-02 1.3742160748216335e+02
1.9643393246262094e+14 7.2363437629436901e-03 1.3906801887459804e+02
1.9652035302243731e+14 7.8834153548150501e-03 1.4031128784705805e+02
1.9660684965669012e+14 1.1209058472385233e-02 1.4163493028324797e+02
1.9669342246587406e+14 8.4234309660141289e-03 1.4419497634144690e+02
1.9678007155066078e+14 5.9532377006453908e-03 1.4398581689939357e+02
1.9686679701189950e+14 4.9487230586556658e-03 1.4610093097252192e+02
1.9695359895061728e+14 1.6208378991005436e-02 1.4752789928853781e+02
1.9704047746801941e+14 5.2725975833957184e-03 1.4960088157179692e+02
1.9712743266548984e+14 8.3904046245255586e-03 1.5079984507170823e+02
1.9721446464459162e+14 5.6028883346633191e-03 1.5153628303202001e+02
1.9730157350706712e+14 1.5074778639972014e-03 1.5457707172738176e+02
1.9738875935483872e+14 6.4649158951441688e-03 1.5489510948109853e+02
1.9747602229000884e+14 8.0589017530182296e-03 1.5563134702890912e+02
1.9756336241486069e+14 1.5420600458023523e-02 1.5737457642559701e+02
1.9765077983185841e+14 1.4766487396735710e-02 1.5990343587345350e+02
1.9773827464364762e+14 3.7474068922234848e-03 1.6061090095602111e+02
1.9782584695305581e+14 7.1532003293684710e-03 1.6136487268172971e+02
1.9791349686309259e+14 1.9274966949488836e-02 1.6369874666844689e+02
1.9800122447695034e+14 1.3894610488784239e-02 1.6535385616402885e+02
1.9808902989800444e+14 8.5361991140299170e-03 1.6603190725649515e+02
1.9817691322981366e+14 2.7752239539426751e-02 1.6813286141268230e+02
1.9826487457612072e+14 1.2045468841166741e-02 1.6999365808118034e+02
1.9835291404085256e+14 7.5556225437964772e-03 1.7169490180415465e+02
1.9844103172812084e+14 1.6170757162878115e-02 1.7241067918207344e+02
1.9852922774222222e+14 9.0818252802610001e-03 1.7376768766007996e+02
1.9861750218763894e+14 1.6188842951880781e-02 1.7584600113328730e+02
1.9870585516903916e+14 1.6915634364359746e-02 1.7738717377153159e+02
1.9879428679127725e+14 1.5742470852235180e-02 1.7913804019757097e+02
1.9888279715939447e+14 1.5957678835701445e-02 1.8023828064759121e+02
1.9897138637861916e+14 3.0368453596669436e-02 1.8236018444499842e+02
1.9906005455436719e+14 1.7508254263664119e-02 1.8221251729907547e+02
1.9914880179224253e+14 2.2858204890636325e-02 1.8472901972582639e+02
1.9923762819803747e+14 3.0899643782927314e-02 1.8657694718466874e+02
1.9932653387773316e+14 9.8076855804120257e-03 1.8970059221520876e+02
1.9941551893750000e+14 1.5863176026045037e-02 1.8854732102559535e+02
1.9950458348369806e+14 2.6424152698855830e-02 1.9100402011522101e+02
1.9959372762287756e+14 1.8416760348702051e-02 1.9378332500370396e+02
1.9968295146177916e+14 1.6481366734911261e-02 1.9306120773306188e+02
1.9977225510733453e+14 3.4261989485372395e-02 1.9526591106307052e+02
1.9986163866666666e+14 3.2876148485912977e-02 1.9749643445305162e+02
